nsym = 100
nvertex = 100
maxsucc = 4
nactive = 100
generating CFG...
generating usedefs...
computing liveness...
T = 0.001998489 s
use[0] = { 2 3 5 6 8 9 10 12 13 16 18 24 26 32 33 34 39 42 44 45 46 47 52 58 59 60 61 66 69 71 72 74 76 77 78 79 80 83 84 87 88 89 90 91 94 95 97 99 }
def[0] = { 0 4 27 29 30 36 41 48 49 50 51 64 68 70 81 82 }

in[0] = { 1 2 3 5 6 7 8 9 10 11 12 13 14 15 16 17 18 19 20 21 22 23 24 25 26 28 31 32 33 34 35 37 38 39 40 42 43 44 45 46 47 52 54 55 57 58 59 60 61 62 63 65 66 69 71 72 73 74 75 76 77 78 79 80 83 84 85 86 87 88 89 90 91 92 93 94 95 96 97 98 99 }
out[0] = { 0 1 2 3 4 5 6 7 8 9 10 11 12 13 14 15 17 18 19 20 21 22 23 24 25 26 27 28 30 31 33 34 35 36 37 38 39 40 42 43 44 45 47 49 50 51 52 54 55 57 58 59 60 61 62 63 64 65 66 69 70 71 73 75 76 77 78 79 80 81 82 83 84 85 86 87 88 89 90 91 92 93 94 95 96 97 98 99 }

use[1] = { 0 2 4 7 8 11 14 18 19 20 22 23 27 35 37 38 42 43 44 45 47 49 54 55 57 60 61 62 65 66 70 75 77 78 81 84 86 87 90 92 93 94 95 96 97 98 }
def[1] = { 3 16 17 29 30 32 33 34 39 40 41 56 58 64 71 76 91 }

in[1] = { 0 2 4 7 8 11 14 18 19 20 22 23 27 35 37 38 42 43 44 45 47 49 54 55 57 60 61 62 65 66 70 75 77 78 81 84 86 87 90 92 93 94 95 96 97 98 }
out[1] = { }

use[2] = { 1 5 7 8 9 10 11 13 14 15 18 19 22 23 24 26 28 31 34 35 36 37 42 51 52 57 58 62 63 65 66 69 73 78 80 81 84 85 86 87 89 92 93 96 99 }
def[2] = { 0 16 29 41 44 46 48 53 56 61 67 68 72 77 94 95 98 }

in[2] = { 1 2 3 4 5 6 7 8 9 10 11 12 13 14 15 17 18 19 21 22 23 24 25 26 27 28 30 31 33 34 35 36 37 38 39 40 42 45 47 50 51 52 54 55 57 58 59 60 62 63 64 65 66 69 70 71 73 75 76 78 79 80 81 82 83 84 85 86 87 88 89 91 92 93 96 97 99 }
out[2] = { 0 1 2 3 4 5 6 7 8 9 10 12 14 15 16 17 18 19 21 22 23 24 25 26 27 28 29 30 31 33 34 35 36 37 38 39 40 41 42 44 45 46 47 48 50 51 52 53 54 55 57 58 59 60 61 62 63 64 65 67 68 70 71 72 73 75 76 78 79 80 81 82 83 84 85 86 87 88 91 92 93 97 98 }

use[3] = { 7 8 10 11 12 15 18 19 20 21 22 23 24 25 27 29 31 36 37 38 39 40 41 42 43 44 47 48 54 55 60 61 63 64 65 66 70 71 72 73 78 81 82 83 84 86 87 90 91 92 93 95 99 }
def[3] = { 2 3 4 9 13 14 26 34 52 57 59 69 77 80 85 97 }

in[3] = { 7 8 10 11 12 15 18 19 20 21 22 23 24 25 27 29 31 36 37 38 39 40 41 42 43 44 47 48 54 55 60 61 63 64 65 66 70 71 72 73 78 81 82 83 84 86 87 90 91 92 93 95 99 }
out[3] = { }

use[4] = { 5 6 8 11 12 13 14 16 18 22 24 31 32 35 38 40 41 43 45 50 52 53 54 57 62 64 65 69 72 73 76 77 80 83 87 88 89 91 93 94 95 96 98 99 }
def[4] = { 1 2 10 19 25 27 30 34 46 47 49 68 79 90 92 }

in[4] = { 5 6 8 11 12 13 14 16 18 22 24 31 32 35 38 40 41 43 45 50 52 53 54 57 62 64 65 69 72 73 76 77 80 83 87 88 89 91 93 94 95 96 98 99 }
out[4] = { }

use[5] = { 1 2 3 4 8 13 15 16 17 18 22 23 24 26 29 34 35 39 40 42 43 45 46 47 48 51 53 55 56 59 61 62 63 65 66 67 69 71 72 73 78 80 82 84 87 89 91 95 98 99 }
def[5] = { 5 11 12 20 27 28 33 41 68 70 76 81 86 88 97 }

in[5] = { 1 2 3 4 8 13 15 16 17 18 22 23 24 26 29 34 35 39 40 42 43 45 46 47 48 51 53 55 56 59 61 62 63 65 66 67 69 71 72 73 78 80 82 84 87 89 91 95 98 99 }
out[5] = { }

use[6] = { 0 1 2 4 5 10 13 18 19 20 23 24 25 26 27 30 33 39 40 41 42 43 45 46 47 48 49 52 55 57 58 59 61 64 68 69 71 74 75 77 78 82 85 86 87 89 90 91 95 96 97 }
def[6] = { 3 6 12 53 62 63 65 70 76 88 92 99 }

in[6] = { 0 1 2 4 5 10 13 18 19 20 23 24 25 26 27 30 33 39 40 41 42 43 45 46 47 48 49 52 55 57 58 59 61 64 68 69 71 74 75 77 78 82 85 86 87 89 90 91 95 96 97 }
out[6] = { }

use[7] = { 0 3 5 6 8 10 12 19 20 22 23 26 29 32 35 36 38 40 43 46 48 49 50 52 53 55 56 57 59 63 64 65 66 67 70 72 75 78 79 85 86 87 94 96 97 98 }
def[7] = { 1 7 9 11 15 18 24 25 28 31 42 45 60 73 82 93 99 }

in[7] = { 0 3 5 6 8 10 12 19 20 22 23 26 29 32 35 36 38 40 43 46 48 49 50 52 53 55 56 57 59 63 64 65 66 67 70 72 75 78 79 85 86 87 94 96 97 98 }
out[7] = { }

use[8] = { 0 1 2 3 6 20 22 24 26 28 31 32 33 34 36 37 38 40 46 48 49 50 51 55 57 58 59 60 64 65 69 70 71 72 76 78 79 82 85 87 88 89 90 92 93 94 97 98 }
def[8] = { 4 19 25 27 29 30 35 45 47 52 63 67 75 99 }

in[8] = { 0 1 2 3 5 6 7 9 11 13 15 20 22 24 26 28 31 32 33 34 36 37 38 39 40 44 46 48 49 50 51 55 56 57 58 59 60 64 65 69 70 71 72 74 76 78 79 81 82 85 86 87 88 89 90 91 92 93 94 97 98 }
out[8] = { 0 3 5 6 7 9 11 13 15 19 20 22 25 26 28 29 33 35 38 39 40 44 45 46 50 51 55 56 57 60 63 67 72 74 75 76 78 81 86 88 91 92 94 98 }

use[9] = { 0 1 2 5 6 10 11 15 17 18 21 23 24 25 26 27 28 29 30 32 36 37 38 40 42 43 44 46 48 50 52 57 59 62 64 65 66 67 71 74 75 83 85 86 88 91 96 }
def[9] = { 7 12 22 33 35 51 56 58 76 79 80 87 95 97 99 }

in[9] = { 0 1 2 5 6 10 11 15 17 18 21 23 24 25 26 27 28 29 30 32 36 37 38 40 42 43 44 46 48 50 52 57 59 62 64 65 66 67 71 74 75 83 85 86 88 91 96 }
out[9] = { }

use[10] = { 1 3 4 6 8 12 25 26 29 30 31 33 35 36 42 45 47 48 49 50 52 55 57 59 64 67 69 72 74 77 78 79 82 83 84 87 91 93 94 95 96 97 }
def[10] = { 2 5 11 18 27 58 61 62 65 66 81 90 }

in[10] = { 1 3 4 6 8 12 25 26 29 30 31 33 35 36 42 45 47 48 49 50 52 55 57 59 64 67 69 72 74 77 78 79 82 83 84 87 91 93 94 95 96 97 }
out[10] = { }

use[11] = { 1 6 8 9 10 11 12 18 24 25 27 28 29 31 32 34 35 39 40 45 50 52 53 55 56 57 58 60 61 62 64 65 66 67 68 69 70 71 73 74 75 76 79 82 83 87 89 94 96 99 }
def[11] = { 0 2 14 17 22 23 33 37 42 44 46 72 77 80 84 86 88 93 98 }

in[11] = { 1 6 8 9 10 11 12 18 24 25 27 28 29 31 32 34 35 39 40 45 50 52 53 55 56 57 58 60 61 62 64 65 66 67 68 69 70 71 73 74 75 76 79 82 83 87 89 94 96 99 }
out[11] = { }

use[12] = { 1 3 8 9 10 11 13 14 15 17 19 20 22 23 24 29 32 34 35 40 44 45 47 49 50 52 54 57 58 59 60 61 62 66 67 69 70 72 74 76 78 81 83 85 90 91 93 95 96 98 }
def[12] = { 5 25 27 28 30 37 43 46 55 68 71 73 79 80 84 86 99 }

in[12] = { 0 1 3 4 6 7 8 9 10 11 12 13 14 15 16 17 18 19 20 21 22 23 24 26 29 31 32 33 34 35 36 38 39 40 41 42 44 45 47 48 49 50 51 52 53 54 56 57 58 59 60 61 62 63 64 65 66 67 69 70 72 74 75 76 77 78 81 82 83 85 87 88 89 90 91 92 93 94 95 96 97 98 }
out[12] = { 0 3 4 5 6 7 8 9 10 11 12 13 14 15 16 17 18 19 20 21 22 23 24 25 26 27 28 29 31 32 33 34 35 36 37 38 39 40 41 42 43 44 45 46 47 48 49 50 51 52 53 54 55 56 57 58 59 60 61 62 63 64 65 67 68 69 70 71 72 73 74 75 76 77 78 79 80 81 82 83 84 85 86 87 88 89 90 91 92 93 94 95 96 97 98 99 }

use[13] = { 1 4 6 8 9 11 12 13 14 17 19 25 26 27 30 32 34 35 36 41 45 46 47 49 50 52 54 55 60 61 63 65 69 70 74 75 76 77 78 79 81 82 86 87 88 89 91 92 93 94 95 98 99 }
def[13] = { 2 7 18 22 40 42 43 44 57 58 59 62 67 73 97 }

in[13] = { 1 3 4 5 6 8 9 11 12 13 14 15 16 17 19 21 24 25 26 27 28 29 30 31 32 34 35 36 41 45 46 47 48 49 50 51 52 53 54 55 56 60 61 63 64 65 66 68 69 70 72 74 75 76 77 78 79 80 81 82 83 85 86 87 88 89 90 91 92 93 94 95 96 98 99 }
out[13] = { 2 3 4 5 7 8 9 11 12 13 15 16 17 19 21 24 26 27 28 29 30 31 32 35 40 41 42 43 44 45 47 48 50 51 53 54 56 58 59 60 61 63 64 65 66 67 68 69 72 73 74 75 76 77 79 80 82 83 85 88 89 90 91 92 93 96 97 98 }

use[14] = { 0 1 2 3 4 5 7 8 9 10 11 12 18 19 20 23 27 31 33 34 35 38 42 45 48 51 56 57 58 60 61 62 63 64 66 68 70 71 74 77 78 81 84 88 91 95 96 }
def[14] = { 15 16 22 26 30 39 40 44 47 53 55 72 82 }

in[14] = { 0 1 2 3 4 5 6 7 8 9 10 11 12 13 14 17 18 19 20 21 23 25 27 28 29 31 32 33 34 35 36 37 38 41 42 43 45 46 48 49 50 51 52 54 56 57 58 59 60 61 62 63 64 65 66 67 68 69 70 71 73 74 75 76 77 78 79 81 83 84 85 86 87 88 89 90 91 92 93 94 95 96 97 98 99 }
out[14] = { 0 1 2 3 4 5 6 7 8 9 10 11 12 13 14 15 16 17 18 19 20 21 22 23 25 26 27 28 29 30 31 32 33 34 35 36 37 38 39 40 41 42 43 44 45 46 47 48 49 50 51 52 53 54 55 56 57 58 59 60 61 62 63 64 65 66 67 68 69 70 71 72 73 74 75 76 77 78 79 81 82 83 84 85 86 87 88 89 90 91 92 93 94 95 96 97 98 99 }

use[15] = { 1 5 7 11 15 16 25 26 28 29 31 35 37 40 42 43 44 45 47 49 50 51 52 53 55 56 57 60 63 66 73 74 75 77 78 80 83 85 87 88 90 91 92 93 97 }
def[15] = { 0 3 13 17 21 23 27 30 32 33 38 39 46 54 69 89 }

in[15] = { 1 5 7 11 15 16 25 26 28 29 31 35 37 40 42 43 44 45 47 49 50 51 52 53 55 56 57 60 63 66 73 74 75 77 78 80 83 85 87 88 90 91 92 93 97 }
out[15] = { }

use[16] = { 2 3 4 5 8 9 11 12 13 17 19 21 24 27 30 31 32 35 41 42 45 48 54 56 58 59 60 61 64 65 67 68 69 72 73 75 76 79 80 82 89 92 93 96 97 98 }
def[16] = { 1 20 25 33 36 37 39 49 52 55 57 62 78 87 94 99 }

in[16] = { 2 3 4 5 7 8 9 11 12 13 15 16 17 19 21 24 26 27 28 29 30 31 32 35 40 41 42 43 44 45 47 48 50 51 53 54 56 58 59 60 61 63 64 65 66 67 68 69 72 73 74 75 76 77 79 80 82 83 85 88 89 90 91 92 93 96 97 98 }
out[16] = { 1 5 7 11 15 16 25 26 28 29 31 35 37 40 42 43 44 45 47 49 50 51 52 53 55 56 57 60 63 66 73 74 75 77 78 80 83 85 87 88 90 91 92 93 97 }

use[17] = { 2 3 4 6 11 14 16 19 22 25 27 28 30 31 36 38 39 40 41 43 46 47 48 49 51 55 56 57 61 62 64 68 70 72 73 74 77 78 79 81 82 86 87 88 91 94 97 }
def[17] = { 12 17 18 23 24 29 32 35 37 45 52 53 58 66 69 80 96 98 }

in[17] = { 0 1 2 3 4 5 6 7 10 11 13 14 15 16 19 20 21 22 25 26 27 28 30 31 33 36 38 39 40 41 42 43 44 46 47 48 49 50 51 55 56 57 59 60 61 62 63 64 65 67 68 70 71 72 73 74 75 77 78 79 81 82 83 85 86 87 88 89 90 91 92 93 94 95 97 }
out[17] = { 0 1 2 4 5 6 7 10 11 13 15 16 17 18 19 20 21 23 24 25 26 27 28 29 30 31 32 33 35 36 37 38 39 40 41 42 43 44 45 46 47 48 49 50 51 52 53 55 56 57 58 59 60 61 62 63 64 65 66 67 68 69 71 73 74 75 77 78 80 82 83 85 86 87 88 89 90 91 92 93 95 96 97 }

use[18] = { 0 1 4 5 6 7 13 15 16 18 21 22 23 24 26 32 35 38 39 41 42 48 49 50 53 54 56 57 61 62 65 66 67 68 69 70 71 73 76 77 79 84 93 94 97 98 }
def[18] = { 10 12 17 25 28 43 44 58 60 63 72 80 83 89 91 92 95 99 }

in[18] = { 0 1 4 5 6 7 13 15 16 18 21 22 23 24 26 32 35 38 39 41 42 48 49 50 53 54 56 57 61 62 65 66 67 68 69 70 71 73 76 77 79 84 93 94 97 98 }
out[18] = { }

use[19] = { 2 4 5 8 11 13 14 15 16 21 22 29 30 32 33 38 41 42 44 45 47 48 55 56 59 62 64 65 66 67 69 71 73 80 81 82 84 85 86 90 91 95 96 97 99 }
def[19] = { 3 9 10 18 25 27 31 34 36 40 46 57 70 92 }

in[19] = { 0 1 2 4 5 6 8 11 12 13 14 15 16 17 19 20 21 22 24 26 28 29 30 32 33 35 37 38 39 41 42 43 44 45 47 48 49 50 52 53 54 55 56 58 59 60 61 62 63 64 65 66 67 68 69 71 72 73 74 75 77 78 79 80 81 82 83 84 85 86 87 90 91 93 94 95 96 97 98 99 }
out[19] = { 0 1 3 4 6 8 9 10 11 12 14 15 16 17 18 19 20 21 22 24 25 26 27 28 29 31 32 33 34 35 36 37 38 39 41 42 43 44 46 47 48 49 50 52 53 54 55 56 57 58 59 60 61 62 63 64 66 67 68 69 70 72 73 74 75 77 78 79 80 81 82 83 84 85 86 87 90 91 92 93 94 95 96 97 98 99 }

use[20] = { 1 5 8 10 18 20 25 26 27 28 29 33 35 41 43 44 45 47 48 49 51 52 55 56 62 63 65 66 68 69 70 71 73 77 78 80 82 84 85 86 90 96 98 99 }
def[20] = { 0 3 6 7 9 13 15 16 23 30 32 34 36 61 64 75 }

in[20] = { 1 5 8 10 12 18 19 20 22 25 26 27 28 29 33 35 38 40 41 43 44 45 46 47 48 49 50 51 52 53 55 56 57 59 62 63 65 66 67 68 69 70 71 72 73 77 78 79 80 82 84 85 86 87 90 94 96 97 98 99 }
out[20] = { 0 3 5 6 8 10 12 19 20 22 23 26 29 32 35 36 38 40 43 46 48 49 50 52 53 55 56 57 59 63 64 65 66 67 70 72 75 78 79 85 86 87 94 96 97 98 }

use[21] = { 1 2 5 6 12 15 17 19 20 21 24 25 26 27 28 30 32 34 38 39 40 41 43 45 47 50 52 56 60 61 62 63 64 67 69 73 74 75 78 79 82 83 84 85 86 89 90 93 96 99 }
def[21] = { 4 8 10 14 35 53 55 58 70 72 76 77 88 92 94 95 }

in[21] = { 0 1 2 5 6 7 9 11 12 13 15 17 18 19 20 21 22 24 25 26 27 28 29 30 31 32 33 34 36 38 39 40 41 43 44 45 46 47 48 49 50 51 52 54 56 57 60 61 62 63 64 66 67 68 69 71 73 74 75 78 79 80 81 82 83 84 85 86 87 89 90 91 93 96 97 98 99 }
out[21] = { 0 1 2 5 7 8 9 10 11 12 13 17 18 20 21 22 24 25 26 27 28 29 30 31 32 33 34 35 36 39 40 41 43 44 45 46 47 48 49 50 51 52 53 54 55 56 57 58 60 61 63 64 66 67 68 69 70 71 72 73 74 75 76 77 78 79 80 81 82 83 84 86 87 88 89 90 91 92 93 94 95 96 97 98 99 }

use[22] = { 1 3 4 5 8 9 12 15 16 17 18 19 23 26 27 28 33 36 37 38 40 42 43 48 49 53 54 55 58 60 61 62 70 71 76 78 79 80 82 83 84 85 88 91 92 93 94 95 98 99 }
def[22] = { 2 14 29 30 31 44 52 56 66 68 74 75 }

in[22] = { 1 3 4 5 8 9 12 15 16 17 18 19 23 26 27 28 33 36 37 38 40 42 43 48 49 53 54 55 58 60 61 62 70 71 76 78 79 80 82 83 84 85 88 91 92 93 94 95 98 99 }
out[22] = { }

use[23] = { 3 4 5 6 15 16 19 21 22 23 26 28 32 34 37 38 41 43 49 51 52 53 55 56 57 58 59 61 62 64 65 66 69 72 74 79 80 81 82 86 88 90 92 94 96 97 }
def[23] = { 2 7 18 40 45 46 50 54 67 73 75 78 84 85 89 91 95 }

in[23] = { 3 4 5 6 15 16 19 21 22 23 26 28 32 34 37 38 41 43 49 51 52 53 55 56 57 58 59 61 62 64 65 66 69 72 74 79 80 81 82 86 88 90 92 94 96 97 }
out[23] = { }

use[24] = { 2 3 4 5 6 7 9 10 15 17 19 22 23 27 28 30 31 33 34 35 36 39 40 41 53 54 58 59 60 61 63 64 65 67 78 81 82 83 84 85 86 87 91 92 }
def[24] = { 11 20 32 43 49 56 66 74 77 89 90 94 95 96 99 }

in[24] = { 0 1 2 3 4 5 6 7 8 9 10 12 14 15 16 17 18 19 21 22 23 24 25 26 27 28 29 30 31 33 34 35 36 37 38 39 40 41 42 44 45 46 47 48 50 51 52 53 54 55 57 58 59 60 61 62 63 64 65 67 68 70 71 72 73 75 76 78 79 80 81 82 83 84 85 86 87 88 91 92 93 97 98 }
out[24] = { 0 1 2 3 4 5 6 7 8 9 10 12 14 15 16 17 18 19 21 22 23 24 25 26 27 28 29 30 31 32 33 34 35 36 37 38 39 40 41 42 43 44 45 46 47 48 49 50 51 52 53 54 55 56 57 58 59 60 61 62 63 64 65 66 67 68 70 71 72 73 75 76 77 78 79 80 81 82 83 84 85 86 87 88 89 90 91 92 93 94 95 97 98 99 }

use[25] = { 1 2 5 6 7 14 16 17 21 22 23 27 30 31 32 33 35 36 38 39 40 46 47 48 49 50 52 53 54 57 61 67 68 69 71 72 76 77 80 83 85 88 90 95 96 98 }
def[25] = { 0 4 11 19 24 25 34 37 51 58 59 62 64 73 74 81 87 89 }

in[25] = { 1 2 5 6 7 14 16 17 21 22 23 27 30 31 32 33 35 36 38 39 40 46 47 48 49 50 52 53 54 57 61 67 68 69 71 72 76 77 80 83 85 88 90 95 96 98 }
out[25] = { }

use[26] = { 4 7 8 10 11 12 13 14 16 17 20 21 22 26 28 31 33 36 40 42 47 50 51 52 53 54 55 56 57 59 60 61 64 69 72 74 75 76 80 82 83 86 88 90 91 93 94 96 97 98 99 }
def[26] = { 3 23 25 29 37 38 44 49 65 66 68 73 77 79 81 92 }

in[26] = { 0 1 2 4 5 6 7 8 9 10 11 12 13 14 15 16 17 19 20 21 22 26 27 28 30 31 32 33 35 36 40 42 43 45 46 47 50 51 52 53 54 55 56 57 59 60 61 62 63 64 67 69 70 71 72 74 75 76 78 80 82 83 84 85 86 87 88 89 90 91 93 94 95 96 97 98 99 }
out[26] = { 0 1 2 5 6 7 8 9 10 12 13 15 16 17 19 20 21 22 23 26 27 28 30 32 33 35 36 37 38 40 42 43 45 46 47 49 50 51 52 53 54 56 57 59 60 62 63 64 65 66 67 69 70 71 73 74 75 76 77 78 79 80 82 84 85 86 87 88 89 92 93 94 95 97 98 }

use[27] = { 2 7 9 11 13 15 17 18 19 21 22 25 27 28 31 32 33 35 37 40 41 42 43 46 48 51 52 54 55 57 58 60 61 64 65 66 68 69 70 71 76 77 83 88 91 95 96 97 99 }
def[27] = { 0 1 3 5 24 29 34 47 56 62 67 72 73 85 94 }

in[27] = { 2 4 6 7 9 10 11 12 13 14 15 17 18 19 20 21 22 23 25 26 27 28 30 31 32 33 35 36 37 38 39 40 41 42 43 44 45 46 48 50 51 52 53 54 55 57 58 59 60 61 63 64 65 66 68 69 70 71 75 76 77 78 80 81 82 83 84 86 87 88 89 90 91 92 93 95 96 97 98 99 }
out[27] = { 0 1 2 4 5 6 7 9 10 11 12 13 14 15 18 19 20 21 22 23 24 25 26 28 30 31 32 33 34 36 37 38 39 40 42 44 45 46 47 50 51 52 53 55 56 57 59 61 62 63 64 65 66 67 68 69 70 71 72 73 75 76 77 78 80 81 82 83 84 85 86 87 88 89 90 92 93 94 95 96 98 99 }

use[28] = { 3 5 6 7 8 10 11 14 16 19 21 22 24 25 26 27 29 30 31 44 45 46 47 49 50 51 52 54 56 57 58 59 61 62 63 65 67 68 78 79 82 84 85 86 89 92 95 96 98 }
def[28] = { 0 2 4 18 32 38 39 55 60 66 69 72 73 77 81 87 93 99 }

in[28] = { 3 5 6 7 8 10 11 14 16 19 21 22 24 25 26 27 29 30 31 44 45 46 47 49 50 51 52 54 56 57 58 59 61 62 63 65 67 68 78 79 82 84 85 86 89 92 95 96 98 }
out[28] = { }

use[29] = { 0 1 2 8 15 16 17 19 20 21 22 23 26 27 30 31 33 37 41 42 44 45 47 50 51 52 54 57 58 61 62 65 66 67 70 73 74 80 81 82 84 87 89 91 92 93 94 96 97 }
def[29] = { 4 6 7 9 29 32 35 39 46 59 60 64 71 79 98 }

in[29] = { 0 1 2 8 15 16 17 19 20 21 22 23 26 27 30 31 33 37 41 42 44 45 47 50 51 52 54 57 58 61 62 65 66 67 70 73 74 80 81 82 84 87 89 91 92 93 94 96 97 }
out[29] = { }

use[30] = { 0 2 7 8 10 13 15 16 17 18 19 20 22 25 33 34 36 39 42 43 45 46 47 48 49 50 51 58 60 62 64 69 71 72 73 77 82 85 88 89 91 93 94 95 96 97 99 }
def[30] = { 4 5 11 24 28 31 53 55 59 63 65 66 81 83 98 }

in[30] = { 0 2 7 8 10 13 15 16 17 18 19 20 22 25 33 34 36 39 42 43 45 46 47 48 49 50 51 58 60 62 64 69 71 72 73 77 82 85 88 89 91 93 94 95 96 97 99 }
out[30] = { }

use[31] = { 2 4 6 7 8 11 12 13 15 16 17 18 20 21 24 25 26 27 28 37 38 39 40 41 43 44 45 47 48 49 51 52 53 54 55 60 62 65 68 73 74 77 79 81 86 87 88 89 90 92 93 }
def[31] = { 19 22 23 29 31 35 46 59 61 63 70 71 72 76 83 84 91 }

in[31] = { 1 2 3 4 6 7 8 11 12 13 15 16 17 18 20 21 24 25 26 27 28 30 33 36 37 38 39 40 41 42 43 44 45 47 48 49 50 51 52 53 54 55 57 60 62 64 65 67 68 69 73 74 77 78 79 81 82 86 87 88 89 90 92 93 94 95 96 97 }
out[31] = { 1 3 4 6 8 12 25 26 29 30 31 33 35 36 42 45 47 48 49 50 52 55 57 59 64 67 69 72 74 77 78 79 82 83 84 87 91 93 94 95 96 97 }

use[32] = { 0 4 5 6 14 15 16 22 24 25 26 27 28 32 34 38 39 44 45 46 48 49 50 52 53 56 59 63 64 66 67 71 73 75 77 81 83 84 85 89 90 97 98 }
def[32] = { 2 3 7 9 12 13 20 30 62 65 69 78 79 86 92 93 96 }

in[32] = { 0 1 4 5 6 8 10 14 15 16 17 18 19 21 22 23 24 25 26 27 28 29 31 32 33 34 35 36 38 39 40 41 43 44 45 46 47 48 49 50 51 52 53 54 55 56 57 59 61 63 64 66 67 68 70 71 72 73 75 76 77 80 81 82 83 84 85 87 88 89 90 94 95 97 98 99 }
out[32] = { 1 2 5 6 7 8 10 12 14 16 17 18 19 20 21 22 23 25 26 27 28 29 30 31 32 33 35 36 38 39 40 41 43 44 45 46 47 48 49 50 51 52 53 54 55 56 57 59 61 62 63 65 66 67 68 69 70 71 72 73 76 77 78 79 80 82 83 84 85 86 87 88 90 94 95 96 97 98 99 }

use[33] = { 1 2 7 8 10 14 17 18 19 21 23 26 27 30 31 32 33 34 35 37 42 43 46 48 49 52 53 54 58 64 65 66 68 69 70 71 75 76 77 78 82 84 86 87 88 91 94 95 97 98 99 }
def[33] = { 0 3 6 11 25 39 41 47 55 57 60 74 80 89 92 93 }

in[33] = { 1 2 7 8 10 14 17 18 19 21 23 26 27 30 31 32 33 34 35 37 42 43 46 48 49 52 53 54 58 64 65 66 68 69 70 71 75 76 77 78 82 84 86 87 88 91 94 95 97 98 99 }
out[33] = { }

use[34] = { 4 5 8 9 11 14 19 21 23 26 27 29 33 34 35 36 38 41 42 43 46 48 49 50 51 52 53 55 56 57 59 60 62 64 66 70 71 72 76 78 79 80 83 85 88 90 91 92 97 }
def[34] = { 6 7 15 17 18 20 24 30 61 67 74 75 93 98 99 }

in[34] = { 4 5 8 9 11 14 19 21 23 26 27 29 33 34 35 36 38 41 42 43 46 48 49 50 51 52 53 55 56 57 59 60 62 64 66 70 71 72 76 78 79 80 83 85 88 90 91 92 97 }
out[34] = { }

use[35] = { 0 2 3 5 6 7 8 10 13 14 15 17 19 20 25 29 30 31 32 33 34 35 37 41 44 46 49 50 52 55 57 59 62 64 65 67 68 73 80 83 88 89 91 92 93 94 95 96 97 99 }
def[35] = { 11 22 28 38 47 63 69 75 77 82 84 86 87 }

in[35] = { 0 1 2 3 4 5 6 7 8 9 10 13 14 15 16 17 19 20 21 23 24 25 26 27 29 30 31 32 33 34 35 37 39 40 41 42 43 44 45 46 48 49 50 51 52 53 54 55 56 57 59 60 62 64 65 66 67 68 70 72 73 74 78 79 80 81 83 85 88 89 90 91 92 93 94 95 96 97 98 99 }
out[35] = { 0 1 2 3 4 6 7 8 9 10 11 14 15 16 17 19 20 21 22 23 24 25 26 27 28 29 30 31 32 33 34 35 37 38 39 40 41 42 43 45 46 47 48 49 50 51 52 53 54 56 59 60 62 63 64 65 66 67 68 69 70 72 73 74 75 78 79 80 81 83 84 85 87 88 89 90 91 92 93 94 95 97 98 99 }

use[36] = { 0 3 4 5 10 12 16 19 25 27 30 31 33 34 35 36 38 39 40 41 43 44 47 48 49 50 52 54 55 57 61 62 64 65 67 73 74 75 76 77 78 80 81 82 83 85 86 87 90 93 94 99 }
def[36] = { 1 6 8 11 13 28 32 46 51 69 72 95 }

in[36] = { 0 3 4 5 10 12 16 19 25 27 30 31 33 34 35 36 38 39 40 41 43 44 47 48 49 50 52 54 55 57 61 62 64 65 67 73 74 75 76 77 78 80 81 82 83 85 86 87 90 93 94 99 }
out[36] = { }

use[37] = { 2 7 10 12 13 14 19 20 22 24 27 28 29 30 31 33 35 36 38 39 45 46 47 48 49 50 52 55 56 59 60 63 64 65 70 72 74 75 77 79 81 82 83 87 88 89 91 92 93 94 95 96 97 }
def[37] = { 3 8 9 11 17 23 32 41 51 58 71 73 76 78 80 90 98 }

in[37] = { 1 2 5 6 7 10 12 13 14 15 16 18 19 20 21 22 24 25 26 27 28 29 30 31 33 34 35 36 37 38 39 40 42 44 45 46 47 48 49 50 52 53 54 55 56 57 59 60 61 62 63 64 65 66 67 68 69 70 72 74 75 77 79 81 82 83 84 85 86 87 88 89 91 92 93 94 95 96 97 99 }
out[37] = { 1 2 3 5 6 7 8 10 11 12 14 15 16 17 18 19 20 21 22 23 24 25 26 27 28 29 30 31 32 34 36 37 38 39 40 42 44 45 46 47 48 49 50 51 52 53 54 55 56 57 58 59 60 61 62 63 64 65 66 67 68 69 70 71 72 73 74 75 76 77 78 79 80 81 82 83 84 85 86 89 91 92 93 95 96 97 98 99 }

use[38] = { 0 1 2 5 6 10 12 14 19 20 23 26 27 29 34 35 37 38 39 41 45 47 48 52 53 54 61 64 66 67 68 70 73 76 77 78 80 82 83 84 87 88 89 94 95 96 97 98 99 }
def[38] = { 8 25 32 40 50 57 59 60 62 79 85 93 }

in[38] = { 0 1 2 5 6 10 12 14 19 20 23 26 27 29 34 35 37 38 39 41 45 47 48 52 53 54 61 64 66 67 68 70 73 76 77 78 80 82 83 84 87 88 89 94 95 96 97 98 99 }
out[38] = { }

use[39] = { 1 3 7 8 12 13 14 15 19 20 21 22 23 24 25 30 31 33 37 39 41 45 47 48 50 51 55 61 65 66 67 68 70 72 73 75 80 81 82 83 84 87 88 91 92 94 96 97 98 }
def[39] = { 0 11 17 18 28 36 44 46 53 56 63 64 71 76 79 86 99 }

in[39] = { 1 2 3 4 5 6 7 8 9 10 12 13 14 15 16 19 20 21 22 23 24 25 26 27 29 30 31 32 33 34 35 37 38 39 40 41 42 43 45 47 48 49 50 51 52 54 55 57 58 59 60 61 62 65 66 67 68 69 70 72 73 74 75 77 78 80 81 82 83 84 85 87 88 89 90 91 92 93 94 95 96 97 98 }
out[39] = { 0 1 2 3 4 5 6 8 9 10 11 12 13 14 15 16 17 18 19 20 21 22 23 24 25 26 27 28 29 30 31 32 33 34 35 36 37 38 39 40 42 43 44 45 46 47 48 49 50 51 52 53 54 55 56 57 58 59 60 61 62 63 64 66 67 68 69 70 71 72 73 74 75 76 77 78 79 80 81 82 83 84 85 86 87 88 89 90 91 92 93 94 95 96 97 98 99 }

use[40] = { 1 3 4 6 7 8 9 10 11 12 13 15 16 17 20 21 22 25 28 29 32 37 41 42 43 46 48 49 58 60 61 62 63 66 68 71 73 76 77 80 85 86 87 89 92 98 }
def[40] = { 5 14 23 26 27 30 31 34 35 53 54 55 64 70 81 83 90 97 }

in[40] = { 1 3 4 6 7 8 9 10 11 12 13 15 16 17 20 21 22 25 28 29 32 37 41 42 43 46 48 49 58 60 61 62 63 66 68 71 73 76 77 80 85 86 87 89 92 98 }
out[40] = { }

use[41] = { 0 1 2 3 4 5 7 8 9 14 16 18 20 21 24 25 29 30 31 33 34 35 36 38 39 41 43 44 45 50 51 52 56 57 59 60 62 64 66 68 74 76 79 82 83 84 86 88 89 92 93 94 98 }
def[41] = { 13 22 23 26 28 40 54 55 61 63 85 87 95 97 }

in[41] = { 0 1 2 3 4 5 7 8 9 14 15 16 17 18 19 20 21 24 25 29 30 31 33 34 35 36 37 38 39 41 42 43 44 45 46 47 48 49 50 51 52 56 57 58 59 60 62 64 66 68 73 74 76 77 78 79 82 83 84 86 88 89 92 93 94 98 }
out[41] = { 0 1 2 3 4 9 15 17 18 19 20 22 24 25 28 29 33 34 37 39 42 45 46 47 48 49 51 54 56 57 58 59 60 62 66 73 76 77 78 83 84 92 95 }

use[42] = { 2 5 7 10 11 12 14 15 18 19 20 23 24 26 30 31 32 34 36 39 40 42 46 47 52 55 64 65 66 67 68 73 75 76 78 80 82 87 95 96 98 99 }
def[42] = { 3 8 16 17 27 29 35 41 43 48 49 54 58 60 74 79 91 97 }

in[42] = { 0 1 2 4 5 6 7 9 10 11 12 13 14 15 18 19 20 21 22 23 24 25 26 28 30 31 32 33 34 36 37 38 39 40 42 44 45 46 47 50 51 52 53 55 56 57 59 61 62 63 64 65 66 67 68 69 70 71 72 73 75 76 77 78 80 81 82 83 84 85 86 87 88 89 90 92 93 94 95 96 98 99 }
out[42] = { 0 1 2 3 4 5 6 7 8 9 10 11 12 13 14 15 16 17 18 19 20 21 22 23 24 25 26 27 28 30 31 32 33 34 35 36 37 38 39 40 42 43 44 45 46 47 48 49 50 51 52 53 54 55 56 57 58 59 60 61 62 63 64 65 66 67 68 69 70 71 72 73 74 75 76 77 78 79 80 81 82 83 84 85 86 87 88 89 90 91 92 93 94 95 96 97 98 99 }

use[43] = { 1 6 11 12 13 14 15 17 19 20 21 23 24 25 34 38 39 42 44 49 51 55 56 57 58 59 60 61 64 66 67 70 78 79 80 81 82 86 87 89 91 93 95 96 97 98 }
def[43] = { 2 3 8 9 10 18 35 41 43 47 53 68 74 83 90 94 }

in[43] = { 0 1 5 6 7 11 12 13 14 15 16 17 19 20 21 23 24 25 26 27 28 29 30 31 32 33 34 36 37 38 39 40 42 44 45 46 48 49 51 52 54 55 56 57 58 59 60 61 62 63 64 65 66 67 69 70 71 72 73 75 76 77 78 79 80 81 82 84 85 86 87 89 91 92 93 95 96 97 98 }
out[43] = { 0 2 5 6 7 8 9 10 11 12 13 14 15 16 17 18 20 21 23 24 25 26 27 28 29 30 31 32 33 35 36 37 38 39 40 41 42 43 45 46 47 48 49 51 52 53 54 55 56 57 58 59 60 62 63 64 65 66 67 69 70 71 72 73 74 75 76 77 78 79 80 81 82 84 85 86 87 89 90 92 94 95 97 98 }

use[44] = { 0 2 9 13 14 20 21 24 26 28 36 38 39 48 51 52 53 54 55 56 57 59 60 62 64 65 66 67 68 71 73 74 75 76 77 79 80 81 84 85 86 87 88 89 90 91 92 93 }
def[44] = { 1 3 5 6 16 17 22 32 33 40 45 58 63 95 96 }

in[44] = { 0 2 7 9 11 12 13 14 15 18 19 20 21 23 24 25 26 27 28 30 31 34 36 37 38 39 43 44 46 48 49 50 51 52 53 54 55 56 57 59 60 61 62 64 65 66 67 68 69 70 71 72 73 74 75 76 77 78 79 80 81 82 84 85 86 87 88 89 90 91 92 93 94 97 98 }
out[44] = { 0 1 2 3 5 6 7 9 11 12 13 14 15 17 18 19 20 22 23 24 25 26 27 28 30 31 32 33 34 36 37 38 39 40 43 44 46 48 49 50 51 53 55 56 57 58 59 60 61 64 65 66 67 69 70 71 72 74 75 76 78 79 81 82 85 86 87 88 89 90 91 92 93 94 95 97 98 }

use[45] = { 2 3 5 7 8 10 12 14 16 18 19 20 22 24 25 26 27 29 31 32 33 36 39 42 43 44 45 51 52 53 55 56 58 60 61 62 63 64 66 70 71 73 74 76 80 81 82 83 84 86 90 94 97 98 }
def[45] = { 4 6 11 13 28 34 37 40 48 49 50 65 67 68 85 }

in[45] = { 2 3 5 7 8 10 12 14 16 18 19 20 22 24 25 26 27 29 31 32 33 36 39 42 43 44 45 51 52 53 55 56 58 60 61 62 63 64 66 70 71 73 74 76 80 81 82 83 84 86 90 94 97 98 }
out[45] = { }

use[46] = { 5 7 10 11 12 13 14 16 18 19 23 24 28 29 31 32 33 39 40 41 42 44 45 51 53 56 57 58 61 66 67 68 72 75 76 78 80 82 86 88 89 91 94 97 98 99 }
def[46] = { 2 6 15 17 20 22 25 36 37 38 43 55 59 62 65 71 73 74 81 95 }

in[46] = { 5 7 10 11 12 13 14 16 18 19 23 24 28 29 31 32 33 39 40 41 42 44 45 51 53 56 57 58 61 66 67 68 72 75 76 78 80 82 86 88 89 91 94 97 98 99 }
out[46] = { }

use[47] = { 0 2 5 6 11 15 17 18 19 21 22 24 25 27 29 30 31 32 35 38 40 41 46 47 51 53 54 58 59 61 62 63 66 68 70 72 73 74 76 83 87 90 94 96 97 }
def[47] = { 4 13 20 23 26 39 42 43 45 48 52 55 57 60 77 91 95 }

in[47] = { 0 1 2 3 5 6 7 8 9 11 14 15 16 17 18 19 21 22 24 25 27 29 30 31 32 33 34 35 36 37 38 40 41 44 46 47 49 50 51 53 54 56 58 59 61 62 63 64 66 68 70 72 73 74 76 78 79 82 83 84 86 87 88 89 90 92 93 94 96 97 98 }
out[47] = { 0 1 2 3 4 5 7 8 9 14 15 16 17 18 19 20 21 24 25 29 30 31 33 34 35 36 37 38 39 41 42 43 44 45 46 47 48 49 50 51 52 56 57 58 59 60 62 64 66 68 73 74 76 77 78 79 82 83 84 86 88 89 92 93 94 98 }

use[48] = { 0 1 3 6 8 11 13 15 16 20 22 23 24 25 27 28 30 31 32 33 35 37 39 41 45 47 49 50 51 53 57 59 62 67 71 73 75 81 83 84 85 86 89 91 92 95 97 99 }
def[48] = { 2 7 18 26 29 38 42 46 52 55 63 64 65 66 79 90 93 }

in[48] = { 0 1 3 6 8 11 13 15 16 20 22 23 24 25 27 28 30 31 32 33 35 37 39 41 45 47 49 50 51 53 57 59 62 67 71 73 75 81 83 84 85 86 89 91 92 95 97 99 }
out[48] = { }

use[49] = { 4 5 7 11 12 14 17 22 24 26 30 33 34 35 38 39 40 41 43 47 50 56 57 58 62 63 64 65 66 67 72 73 74 76 77 81 82 83 85 86 92 93 97 }
def[49] = { 2 3 10 15 23 25 29 31 42 48 53 54 60 69 71 79 87 88 96 }

in[49] = { 4 5 6 7 8 11 12 14 16 17 19 21 22 24 26 27 30 33 34 35 38 39 40 41 43 44 45 46 47 49 50 51 52 56 57 58 59 61 62 63 64 65 66 67 68 72 73 74 76 77 78 81 82 83 84 85 86 89 92 93 95 97 98 }
out[49] = { 3 5 6 7 8 10 11 14 16 19 21 22 24 25 26 27 29 30 31 44 45 46 47 49 50 51 52 54 56 57 58 59 61 62 63 65 67 68 78 79 82 84 85 86 89 92 95 96 98 }

use[50] = { 0 1 3 5 6 12 14 15 16 17 19 21 22 23 24 26 27 30 35 38 40 44 45 46 47 49 51 53 59 60 62 63 64 67 74 75 76 81 82 84 86 89 93 94 96 99 }
def[50] = { 4 7 18 25 36 39 54 55 57 68 69 73 77 80 83 85 87 90 97 98 }

in[50] = { 0 1 2 3 5 6 8 9 11 12 13 14 15 16 17 19 20 21 22 23 24 26 27 28 29 30 31 32 33 34 35 38 40 41 42 43 44 45 46 47 48 49 50 51 52 53 56 58 59 60 61 62 63 64 65 66 67 70 71 74 75 76 78 79 81 82 84 86 88 89 91 92 93 94 96 99 }
out[50] = { 0 1 2 3 4 5 6 7 8 9 11 12 13 15 16 17 18 19 20 21 22 23 24 25 26 27 28 29 30 31 32 33 34 36 38 39 40 41 42 43 44 45 46 47 48 49 50 51 52 53 54 55 56 57 58 59 60 61 62 63 64 65 66 67 68 69 70 71 73 74 75 76 78 79 80 81 82 83 84 85 86 87 88 89 90 91 92 93 94 96 97 98 99 }

use[51] = { 0 1 2 3 7 11 12 14 17 18 19 20 22 23 25 27 30 32 36 39 43 44 48 51 53 56 57 58 61 64 66 67 69 70 71 72 74 75 78 79 81 86 87 88 90 91 95 97 }
def[51] = { 4 16 26 29 31 40 45 49 52 55 59 60 65 68 73 77 80 }

in[51] = { 0 1 2 3 7 11 12 14 17 18 19 20 22 23 25 27 30 32 36 39 43 44 48 51 53 56 57 58 61 64 66 67 69 70 71 72 74 75 78 79 81 86 87 88 90 91 95 97 }
out[51] = { }

use[52] = { 0 1 5 6 7 9 12 14 18 21 23 24 25 26 27 34 35 36 38 45 46 47 50 51 52 53 58 59 61 62 67 68 71 72 76 77 80 82 83 84 85 86 87 90 93 96 97 }
def[52] = { 4 13 22 29 31 37 41 54 60 74 79 81 88 89 98 99 }

in[52] = { 0 1 2 5 6 7 8 9 10 11 12 14 15 16 17 18 19 20 21 23 24 25 26 27 28 30 32 33 34 35 36 38 39 40 42 43 44 45 46 47 48 49 50 51 52 53 55 56 57 58 59 61 62 64 65 66 67 68 69 70 71 72 73 75 76 77 78 80 82 83 84 85 86 87 90 91 92 93 94 95 96 97 }
out[52] = { 0 1 2 4 5 6 7 8 9 10 11 12 13 14 15 16 17 18 19 20 21 22 23 24 25 27 28 29 30 31 32 33 34 35 36 37 38 39 40 41 42 43 44 45 46 47 48 49 50 51 52 53 54 55 56 57 58 60 61 62 64 65 66 67 68 69 70 71 72 73 74 75 76 77 78 79 80 81 82 83 84 85 86 87 88 89 90 91 92 93 94 95 96 97 98 99 }

use[53] = { 1 6 8 10 12 16 17 19 21 22 23 26 27 28 32 33 35 36 40 46 47 50 53 54 56 57 60 62 67 70 71 73 75 76 78 79 84 88 89 92 93 94 95 }
def[53] = { 3 11 14 18 24 25 29 31 34 39 41 44 48 55 58 72 81 83 90 }

in[53] = { 0 1 2 5 6 7 8 9 10 12 13 15 16 17 19 20 21 22 23 26 27 28 30 32 33 35 36 37 38 40 42 43 45 46 47 49 50 51 52 53 54 56 57 59 60 62 63 64 65 66 67 69 70 71 73 74 75 76 77 78 79 80 82 84 85 86 87 88 89 92 93 94 95 97 98 }
out[53] = { 0 2 5 6 7 8 9 10 11 12 13 14 15 16 17 18 20 21 23 24 25 26 27 28 29 30 31 32 33 35 36 37 38 39 40 41 42 43 45 46 47 48 49 51 52 53 54 55 56 57 58 59 60 62 63 64 65 66 67 69 70 71 72 73 74 75 76 77 78 79 80 81 82 84 85 86 87 89 90 92 94 95 97 98 }

use[54] = { 1 3 4 5 7 8 9 10 11 13 15 17 18 20 23 26 28 32 39 42 43 47 48 50 51 56 57 58 62 66 72 78 79 81 82 84 85 88 89 94 99 }
def[54] = { 6 22 25 31 33 35 37 46 52 64 86 91 95 97 }

in[54] = { 0 1 3 4 5 7 8 9 10 11 13 15 16 17 18 20 21 23 24 26 28 32 38 39 41 42 43 47 48 49 50 51 53 54 56 57 58 61 62 65 66 67 68 69 70 71 72 73 76 77 78 79 81 82 84 85 88 89 93 94 98 99 }
out[54] = { 0 1 4 5 6 7 13 15 16 18 21 22 23 24 26 32 35 38 39 41 42 48 49 50 53 54 56 57 61 62 65 66 67 68 69 70 71 73 76 77 79 84 93 94 97 98 }

use[55] = { 0 4 6 7 8 11 13 15 16 17 20 23 25 27 32 33 34 35 36 37 41 44 45 46 47 53 56 57 58 60 61 62 63 67 68 69 70 71 73 75 77 78 79 80 81 82 84 85 86 90 92 94 96 97 }
def[55] = { 1 3 10 30 39 40 48 51 54 65 66 72 74 91 98 }

in[55] = { 0 4 5 6 7 8 11 12 13 14 15 16 17 18 19 20 21 22 23 24 25 26 27 28 29 31 32 33 34 35 36 37 38 41 42 43 44 45 46 47 49 50 52 53 55 56 57 58 59 60 61 62 63 64 67 68 69 70 71 73 75 76 77 78 79 80 81 82 83 84 85 86 87 88 89 90 92 93 94 95 96 97 99 }
out[55] = { 0 1 3 4 5 6 7 8 10 11 12 14 15 16 17 18 19 20 21 22 23 24 25 26 27 28 29 30 31 32 33 34 35 36 37 38 39 40 41 42 43 44 45 46 47 48 49 50 51 52 53 54 55 56 57 58 59 60 61 62 63 64 66 67 68 69 70 71 72 73 74 75 76 77 78 79 80 81 82 83 84 85 86 87 88 89 90 91 92 93 94 95 96 97 98 99 }

use[56] = { 0 1 2 3 4 9 15 17 18 19 20 22 24 25 28 29 33 34 37 39 42 45 46 47 48 49 51 54 56 57 58 59 60 62 66 73 76 77 78 83 84 92 95 }
def[56] = { 5 8 21 27 40 43 50 55 65 67 71 81 82 87 89 93 94 96 }

in[56] = { 0 1 2 3 4 9 15 17 18 19 20 22 24 25 28 29 33 34 37 39 42 45 46 47 48 49 51 54 56 57 58 59 60 62 66 73 76 77 78 83 84 92 95 }
out[56] = { }

use[57] = { 0 5 9 10 11 13 18 27 28 29 30 31 32 33 34 41 43 44 48 51 52 53 56 57 60 61 63 67 68 69 70 72 73 76 78 80 82 83 84 86 88 90 91 93 95 99 }
def[57] = { 2 6 12 15 16 17 21 23 38 46 47 59 62 65 94 96 }

in[57] = { 0 1 5 8 9 10 11 13 18 24 25 27 28 29 30 31 32 33 34 35 39 40 41 43 44 45 48 50 51 52 53 55 56 57 58 60 61 63 64 66 67 68 69 70 71 72 73 74 75 76 78 79 80 82 83 84 86 87 88 89 90 91 93 95 99 }
out[57] = { 1 6 8 9 10 11 12 18 24 25 27 28 29 31 32 34 35 39 40 45 50 52 53 55 56 57 58 60 61 62 64 65 66 67 68 69 70 71 73 74 75 76 79 82 83 87 89 94 96 99 }

use[58] = { 3 4 7 8 10 11 14 17 19 22 26 27 30 33 35 36 38 40 42 43 46 49 50 51 56 57 58 59 62 63 64 65 66 68 70 72 73 74 77 78 80 83 84 85 91 92 93 94 96 99 }
def[58] = { 5 6 16 18 23 25 28 34 45 61 79 86 88 89 90 98 }

in[58] = { 3 4 7 8 10 11 14 17 19 22 26 27 30 33 35 36 38 40 42 43 46 49 50 51 56 57 58 59 62 63 64 65 66 68 70 72 73 74 77 78 80 83 84 85 91 92 93 94 96 99 }
out[58] = { }

use[59] = { 4 6 8 9 10 11 14 15 19 21 22 24 25 27 28 29 30 31 32 33 37 39 41 43 46 47 50 51 52 54 59 60 64 66 67 68 69 72 74 75 79 80 83 85 90 92 95 98 99 }
def[59] = { 5 12 13 18 36 44 55 57 58 61 71 76 77 82 86 96 }

in[59] = { 0 1 2 3 4 6 7 8 9 10 11 14 15 16 17 19 20 21 22 23 24 25 26 27 28 29 30 31 32 33 34 35 37 38 39 40 41 42 43 45 46 47 48 49 50 51 52 53 54 56 59 60 62 63 64 65 66 67 68 69 70 72 73 74 75 78 79 80 81 83 84 85 87 88 89 90 91 92 93 94 95 97 98 99 }
out[59] = { 0 1 2 3 4 5 6 7 8 9 10 11 12 13 14 15 16 17 18 19 20 21 22 23 24 25 26 27 28 29 30 31 32 33 34 35 36 37 38 39 40 41 42 43 44 45 46 47 48 49 50 51 52 53 54 55 56 57 58 59 60 61 62 63 64 65 66 67 68 69 70 71 72 73 74 75 76 77 78 80 81 82 83 84 85 86 87 88 89 90 91 92 93 94 95 96 97 98 99 }

use[60] = { 1 4 5 7 8 11 12 13 14 17 18 19 21 29 31 34 36 37 40 41 43 44 45 46 49 51 52 54 55 61 62 63 64 65 66 67 71 72 76 82 83 86 89 91 92 94 95 96 97 }
def[60] = { 2 6 9 20 27 30 32 33 35 53 58 74 75 80 }

in[60] = { 1 4 5 7 8 11 12 13 14 17 18 19 21 29 31 34 36 37 40 41 43 44 45 46 49 51 52 54 55 61 62 63 64 65 66 67 71 72 76 82 83 86 89 91 92 94 95 96 97 }
out[60] = { }

use[61] = { 1 2 6 7 8 11 12 13 14 15 16 17 18 21 22 23 25 29 32 34 37 38 41 42 44 46 47 48 52 54 55 60 61 62 66 69 71 72 73 75 77 78 80 82 83 85 86 87 92 94 96 98 }
def[61] = { 4 10 30 39 43 45 51 56 57 59 65 67 70 91 }

in[61] = { 0 1 2 3 5 6 7 8 9 11 12 13 14 15 16 17 18 19 20 21 22 23 24 25 26 27 28 29 31 32 33 34 35 36 37 38 40 41 42 44 46 47 48 49 50 52 53 54 55 58 60 61 62 63 64 66 68 69 71 72 73 74 75 76 77 78 79 80 81 82 83 84 85 86 87 88 89 90 92 93 94 95 96 97 98 99 }
out[61] = { 0 1 2 3 4 5 6 7 8 9 10 11 12 13 14 15 16 17 18 19 20 21 22 23 24 25 26 27 28 29 30 31 32 33 34 35 36 37 38 39 40 41 42 43 44 45 46 47 48 49 50 51 52 53 54 55 56 57 58 59 60 61 62 63 64 65 66 67 68 69 70 71 72 73 74 76 77 78 79 80 81 82 83 84 85 86 87 88 89 90 91 92 93 94 95 96 97 98 99 }

use[62] = { 0 1 4 5 9 11 15 16 17 18 21 22 25 26 30 33 37 39 42 43 44 45 46 47 51 52 53 54 58 59 62 63 64 69 70 71 74 76 77 79 81 83 85 86 87 91 93 95 97 98 99 }
def[62] = { 2 7 8 14 20 24 38 41 50 60 65 80 84 90 94 96 }

in[62] = { 0 1 3 4 5 6 9 11 12 13 15 16 17 18 19 21 22 23 25 26 27 28 29 30 31 32 33 34 35 36 37 39 40 42 43 44 45 46 47 48 49 51 52 53 54 55 56 57 58 59 61 62 63 64 66 67 68 69 70 71 72 73 74 75 76 77 78 79 81 82 83 85 86 87 88 89 91 92 93 95 97 98 99 }
out[62] = { 0 1 2 3 5 6 7 8 9 11 12 13 14 15 16 17 19 20 21 22 23 24 25 26 27 28 29 30 31 32 33 34 35 36 37 38 39 40 41 42 43 44 45 46 47 48 49 50 51 52 53 55 56 57 58 59 60 61 62 63 64 65 66 67 68 70 71 72 73 74 75 76 78 79 81 82 84 86 87 88 89 91 92 93 94 96 98 99 }

use[63] = { 3 5 7 8 9 12 13 20 22 23 25 27 29 30 31 32 36 37 39 40 41 42 43 45 47 50 53 56 58 62 63 65 66 67 69 70 71 72 74 80 85 86 91 94 95 98 99 }
def[63] = { 2 6 11 16 18 19 24 34 44 49 59 68 84 90 92 }

in[63] = { 3 5 7 8 9 12 13 20 22 23 25 27 29 30 31 32 36 37 39 40 41 42 43 45 47 50 53 56 58 62 63 65 66 67 69 70 71 72 74 80 85 86 91 94 95 98 99 }
out[63] = { }

use[64] = { 1 2 4 8 9 11 13 18 19 20 22 25 27 30 34 36 37 44 45 47 49 50 52 54 56 62 65 66 67 70 71 73 74 75 76 77 79 80 81 82 84 85 86 88 93 96 }
def[64] = { 5 6 7 16 32 33 35 38 39 40 43 48 51 59 64 69 83 89 95 }

in[64] = { 1 2 4 8 9 11 13 18 19 20 22 25 27 30 34 36 37 44 45 47 49 50 52 54 56 62 65 66 67 70 71 73 74 75 76 77 79 80 81 82 84 85 86 88 93 96 }
out[64] = { }

use[65] = { 0 1 2 3 4 5 7 10 11 12 14 15 17 18 20 24 25 30 31 32 34 36 37 41 42 44 46 47 48 49 50 59 60 61 63 66 68 70 71 75 76 83 84 85 91 95 96 99 }
def[65] = { 8 26 45 51 52 53 54 56 62 64 67 88 93 94 98 }

in[65] = { 0 1 2 3 4 5 6 7 9 10 11 12 13 14 15 16 17 18 19 20 21 22 23 24 25 27 28 29 30 31 32 33 34 35 36 37 38 39 40 41 42 43 44 46 47 48 49 50 55 57 58 59 60 61 63 66 68 69 70 71 72 73 74 75 76 77 78 79 80 81 82 83 84 85 86 87 89 90 91 92 95 96 97 99 }
out[65] = { 0 1 2 3 4 5 6 7 8 9 10 11 12 13 14 15 16 17 18 19 20 21 22 23 24 25 26 27 28 29 31 32 33 34 35 36 37 38 39 40 41 42 43 44 45 46 47 48 49 50 51 52 53 54 55 56 57 58 59 60 61 62 63 64 66 68 69 70 71 72 73 74 75 76 77 78 79 80 81 82 83 84 85 86 87 88 89 90 91 92 93 94 95 96 97 98 99 }

use[66] = { 1 2 5 6 7 8 10 11 12 18 20 24 27 28 29 30 32 33 34 36 41 42 46 48 49 52 53 58 59 65 69 70 74 75 77 78 80 81 82 85 86 87 92 94 96 99 }
def[66] = { 3 9 13 14 15 16 19 22 35 50 55 60 64 73 76 79 88 93 95 98 }

in[66] = { 0 1 2 4 5 6 7 8 10 11 12 17 18 20 21 24 25 26 27 28 29 30 31 32 33 34 36 37 38 39 40 41 42 43 44 45 46 47 48 49 51 52 53 54 56 58 59 61 62 63 65 66 67 68 69 70 71 72 74 75 77 78 80 81 82 83 84 85 86 87 89 90 91 92 94 96 97 99 }
out[66] = { 0 1 2 3 4 5 6 7 8 9 10 11 12 13 14 15 16 17 18 19 20 21 22 24 25 26 27 28 29 30 31 32 33 34 35 36 37 38 39 40 41 42 43 44 45 46 47 48 49 50 51 52 53 54 55 56 58 60 61 62 63 64 65 66 67 68 69 70 71 72 73 74 75 76 77 78 79 80 81 82 83 84 85 86 87 88 89 90 91 92 93 94 95 96 97 98 99 }

use[67] = { 1 5 6 7 8 10 13 15 17 18 19 20 21 22 23 24 27 30 31 32 36 37 38 39 40 41 42 49 51 55 58 60 67 68 70 72 73 74 76 78 79 81 83 87 88 89 97 98 99 }
def[67] = { 4 25 29 33 34 35 43 44 45 47 54 59 61 85 91 92 }

in[67] = { 0 1 2 3 5 6 7 8 9 10 11 12 13 15 16 17 18 19 20 21 22 23 24 26 27 28 30 31 32 36 37 38 39 40 41 42 46 48 49 50 51 52 53 55 56 58 60 62 63 64 65 66 67 68 69 70 71 72 73 74 76 77 78 79 80 81 82 83 84 86 87 88 89 90 93 94 95 97 98 99 }
out[67] = { 0 1 2 3 4 5 6 7 8 9 10 11 12 15 16 17 18 19 20 21 23 25 26 27 28 29 31 33 34 35 36 37 38 39 40 41 42 43 44 46 47 48 49 50 51 52 53 54 55 56 58 60 61 62 63 64 65 66 67 68 69 70 71 72 73 74 76 77 78 79 80 81 82 83 84 85 86 87 88 89 90 91 92 93 94 95 98 99 }

use[68] = { 0 3 5 6 7 9 11 13 15 19 20 22 25 26 28 29 33 35 38 39 40 44 45 46 50 51 55 56 57 60 63 67 72 74 75 76 78 81 86 88 91 92 94 98 }
def[68] = { 17 21 23 24 32 41 48 59 61 66 68 71 77 79 84 93 99 }

in[68] = { 0 3 5 6 7 9 11 13 15 19 20 22 25 26 28 29 33 35 38 39 40 44 45 46 50 51 55 56 57 60 63 67 72 74 75 76 78 81 86 88 91 92 94 98 }
out[68] = { }

use[69] = { 0 7 10 12 16 20 21 22 28 30 31 36 38 39 40 41 44 47 49 50 53 55 60 61 63 64 67 68 71 73 76 78 79 81 83 84 85 86 89 90 92 95 96 98 99 }
def[69] = { 3 4 5 26 27 34 35 42 43 45 52 56 62 65 74 77 87 }

in[69] = { 0 7 10 12 16 20 21 22 28 30 31 36 38 39 40 41 44 47 49 50 53 55 60 61 63 64 67 68 71 73 76 78 79 81 83 84 85 86 89 90 92 95 96 98 99 }
out[69] = { }

use[70] = { 4 5 6 12 14 15 16 17 18 19 23 25 26 27 28 29 30 31 33 36 42 44 47 48 53 55 57 58 59 61 63 67 75 77 81 82 83 84 85 88 89 92 93 94 95 }
def[70] = { 3 9 21 24 32 34 39 45 49 54 62 65 73 76 91 97 99 }

in[70] = { 4 5 6 12 14 15 16 17 18 19 23 25 26 27 28 29 30 31 33 36 42 44 47 48 53 55 57 58 59 61 63 67 75 77 81 82 83 84 85 88 89 92 93 94 95 }
out[70] = { }

use[71] = { 2 5 7 9 12 16 18 20 23 24 30 32 33 35 36 37 39 40 42 47 48 49 53 54 60 62 63 64 66 72 73 74 76 77 79 80 82 84 90 94 95 97 }
def[71] = { 1 3 4 19 22 34 44 50 61 68 83 88 91 93 96 99 }

in[71] = { 0 2 5 6 7 8 9 10 11 12 13 14 15 16 17 18 20 21 23 24 25 26 27 28 29 30 31 32 33 35 36 37 38 39 40 41 42 43 45 46 47 48 49 51 52 53 54 55 56 57 58 59 60 62 63 64 65 66 67 69 70 71 72 73 74 75 76 77 78 79 80 81 82 84 85 86 87 89 90 92 94 95 97 98 }
out[71] = { 0 1 2 3 4 5 6 7 8 9 10 11 12 13 14 15 16 17 18 19 20 21 22 23 24 25 26 27 28 29 30 31 32 33 34 35 36 37 38 39 40 41 42 43 44 45 46 47 48 49 50 51 52 53 54 55 56 57 58 59 60 61 62 63 64 65 66 67 68 69 70 71 72 73 74 75 76 77 78 79 80 81 82 83 84 85 86 87 88 89 90 91 92 93 94 95 96 98 99 }

use[72] = { 1 2 5 7 10 11 12 13 17 20 21 22 25 26 31 32 33 36 39 43 45 46 47 49 52 54 57 61 64 66 68 71 72 76 77 78 81 82 83 86 87 88 91 92 93 94 96 97 98 }
def[72] = { 3 9 14 15 30 38 40 58 59 73 79 80 84 90 }

in[72] = { 1 2 5 7 10 11 12 13 17 20 21 22 25 26 31 32 33 36 39 43 45 46 47 49 52 54 57 61 64 66 68 71 72 76 77 78 81 82 83 86 87 88 91 92 93 94 96 97 98 }
out[72] = { }

use[73] = { 0 4 8 9 10 13 14 15 20 22 24 25 27 28 33 36 39 40 41 43 48 50 51 53 54 55 58 60 61 62 64 65 67 71 73 75 78 81 83 88 91 92 93 95 97 98 }
def[73] = { 1 2 5 11 12 19 30 32 35 44 52 66 77 86 94 }

in[73] = { 0 4 8 9 10 13 14 15 20 22 24 25 27 28 33 36 39 40 41 43 48 50 51 53 54 55 58 60 61 62 64 65 67 71 73 75 78 81 83 88 91 92 93 95 97 98 }
out[73] = { }

use[74] = { 3 4 5 7 9 10 12 13 14 15 17 19 20 21 22 23 25 26 29 31 35 39 40 46 48 49 50 51 55 59 61 65 66 73 74 75 78 79 81 83 84 85 86 89 92 95 97 98 99 }
def[74] = { 6 27 30 32 33 37 42 47 53 56 58 63 76 80 82 96 }

in[74] = { 0 2 3 4 5 7 8 9 10 11 12 13 14 15 16 17 18 19 20 21 22 23 24 25 26 29 31 34 35 36 38 39 40 43 45 46 48 49 50 51 52 55 57 59 60 61 62 64 65 66 67 68 70 71 72 73 74 75 78 79 81 83 84 85 86 87 89 92 93 94 95 97 98 99 }
out[74] = { 0 2 3 4 5 6 7 8 10 11 12 16 17 18 19 20 22 23 24 26 27 29 32 34 35 36 38 40 42 43 45 46 48 49 50 51 52 53 55 56 57 59 60 61 62 63 64 65 66 67 68 70 71 72 75 76 78 79 81 83 84 85 86 87 89 92 93 94 96 97 98 }

use[75] = { 0 1 8 11 14 15 16 17 21 26 32 33 35 36 37 39 41 42 43 49 50 52 54 55 58 61 62 63 67 68 70 74 77 81 82 83 86 87 92 94 95 96 97 99 }
def[75] = { 2 5 7 13 23 30 40 45 51 65 71 76 88 89 }

in[75] = { 0 1 3 4 6 8 9 10 11 12 14 15 16 17 18 19 20 21 22 24 25 26 27 28 29 31 32 33 34 35 36 37 38 39 41 42 43 44 46 47 48 49 50 52 53 54 55 56 57 58 59 60 61 62 63 64 66 67 68 69 70 72 73 74 75 77 78 79 80 81 82 83 84 85 86 87 90 91 92 93 94 95 96 97 98 99 }
out[75] = { 0 1 2 3 4 5 6 7 8 9 10 11 12 13 14 15 16 17 18 19 20 21 22 23 24 25 26 27 28 29 30 31 32 33 34 35 36 37 38 39 40 41 42 43 44 45 46 47 48 49 50 51 52 53 54 55 56 57 58 59 60 61 62 63 64 65 66 67 68 69 70 71 72 73 74 75 76 77 78 79 80 81 82 83 84 85 86 87 88 89 90 91 92 93 94 95 96 97 98 99 }

use[76] = { 0 1 2 4 8 12 13 14 15 19 21 23 26 27 30 33 34 35 36 38 40 41 42 48 50 54 56 57 58 62 63 64 66 67 68 69 74 75 76 77 78 79 81 83 85 87 88 90 95 98 99 }
def[76] = { 5 7 24 25 39 45 49 55 70 80 86 93 94 }

in[76] = { 0 1 2 3 4 6 8 9 11 12 13 14 15 16 17 18 19 20 21 23 26 27 28 29 30 31 32 33 34 35 36 37 38 40 41 42 43 44 46 47 48 50 51 52 53 54 56 57 58 60 61 62 63 64 65 66 67 68 69 72 73 74 75 76 77 78 79 81 82 83 85 87 88 89 90 91 92 95 96 97 98 99 }
out[76] = { 1 2 3 4 5 6 7 8 9 11 12 13 14 15 16 17 18 19 20 21 24 25 26 27 28 29 30 31 32 33 34 35 36 37 38 39 40 41 42 43 44 45 46 47 48 49 50 51 52 53 54 55 56 57 60 61 62 63 64 65 66 67 68 69 70 72 73 74 75 76 77 78 79 80 81 82 83 85 86 87 88 89 90 91 92 93 94 95 96 97 98 99 }

use[77] = { 3 4 5 6 8 11 12 13 14 16 17 18 19 21 22 24 26 27 28 31 32 34 35 36 39 50 51 59 60 64 68 70 72 73 74 76 77 78 79 81 82 83 84 87 88 89 90 96 97 98 99 }
def[77] = { 9 10 15 23 29 38 40 41 44 57 69 80 86 91 95 }

in[77] = { 0 1 2 3 4 5 6 7 8 11 12 13 14 16 17 18 19 20 21 22 24 26 27 28 30 31 32 34 35 36 37 39 42 43 45 46 48 49 50 51 52 53 54 55 56 58 59 60 61 62 63 64 65 66 67 68 70 71 72 73 74 75 76 77 78 79 81 82 83 84 85 87 88 89 90 92 93 94 96 97 98 99 }
out[77] = { 0 1 2 3 5 6 7 8 10 11 12 14 15 16 17 18 19 20 21 22 23 24 26 27 28 29 30 31 32 34 35 36 37 38 39 40 42 43 44 45 46 48 49 50 51 52 53 54 55 56 57 58 59 60 61 62 63 64 65 66 67 69 70 71 72 73 74 75 76 77 78 79 80 81 82 83 84 85 86 87 89 91 92 93 94 95 96 97 98 99 }

use[78] = { 0 1 2 4 5 6 7 8 10 11 14 19 21 22 23 24 26 27 28 30 31 37 39 41 42 43 49 51 52 54 56 57 58 60 61 62 66 68 69 70 72 77 82 83 87 88 90 92 94 95 96 97 98 }
def[78] = { 9 15 17 29 34 36 40 45 59 74 78 79 80 85 93 99 }

in[78] = { 0 1 2 4 5 6 7 8 10 11 14 19 21 22 23 24 26 27 28 30 31 37 39 41 42 43 49 51 52 54 56 57 58 60 61 62 66 68 69 70 72 77 82 83 87 88 90 92 94 95 96 97 98 }
out[78] = { }

use[79] = { 4 7 10 11 13 16 17 19 21 23 24 29 32 33 35 36 38 39 41 42 47 49 52 54 55 59 60 67 70 73 74 77 78 80 81 83 84 86 88 89 90 91 92 94 98 }
def[79] = { 14 15 20 27 43 48 57 64 66 68 69 72 85 }

in[79] = { 4 5 6 7 8 10 11 12 13 16 17 18 19 21 22 23 24 29 31 32 33 35 36 38 39 40 41 42 45 47 49 50 52 53 54 55 59 60 62 65 67 70 73 74 76 77 78 80 81 83 84 86 87 88 89 90 91 92 93 94 95 96 98 99 }
out[79] = { 5 6 8 11 12 13 14 16 18 22 24 31 32 35 38 40 41 43 45 50 52 53 54 57 62 64 65 69 72 73 76 77 80 83 87 88 89 91 93 94 95 96 98 99 }

use[80] = { 0 3 7 8 9 11 12 14 15 16 17 19 20 21 27 31 33 36 38 42 44 45 46 48 49 54 55 56 58 61 67 68 69 70 71 77 78 81 82 84 86 87 89 92 94 95 98 99 }
def[80] = { 4 6 18 24 25 29 39 47 51 57 60 62 65 73 76 88 93 96 }

in[80] = { 0 3 7 8 9 11 12 14 15 16 17 19 20 21 27 31 33 36 38 42 44 45 46 48 49 54 55 56 58 61 67 68 69 70 71 77 78 81 82 84 86 87 89 92 94 95 98 99 }
out[80] = { }

use[81] = { 1 3 4 6 7 10 11 15 16 17 27 31 35 41 46 47 48 49 51 52 57 59 60 63 64 65 68 69 70 71 72 73 76 77 79 80 81 82 83 84 85 86 87 88 91 92 94 97 }
def[81] = { 0 12 13 21 28 30 36 38 50 56 58 62 66 95 99 }

in[81] = { 1 2 3 4 5 6 7 8 9 10 11 14 15 16 17 18 19 20 22 23 24 25 26 27 29 31 32 33 34 35 37 39 40 41 42 43 44 45 46 47 48 49 51 52 53 54 55 57 59 60 61 63 64 65 67 68 69 70 71 72 73 74 75 76 77 78 79 80 81 82 83 84 85 86 87 88 89 90 91 92 93 94 96 97 98 }
out[81] = { 0 1 2 4 5 6 7 8 9 10 11 12 13 14 15 16 17 18 19 20 21 22 23 24 25 26 27 28 29 30 31 32 33 34 35 36 37 38 39 40 41 42 43 44 45 46 47 48 49 50 51 52 53 54 55 56 57 58 59 60 61 62 63 64 65 66 67 68 69 70 71 72 73 74 75 76 77 78 80 81 82 83 84 85 86 87 88 89 90 91 92 93 94 95 96 97 98 99 }

use[82] = { 0 2 4 7 9 12 15 17 18 19 20 23 24 26 29 30 32 33 38 39 40 45 48 50 51 53 54 55 58 59 65 66 67 68 70 71 74 76 78 79 81 83 85 86 87 91 93 94 96 97 98 }
def[82] = { 5 6 10 14 28 34 35 37 41 46 57 72 77 82 }

in[82] = { 0 2 3 4 7 8 9 11 12 13 15 16 17 18 19 20 21 23 24 26 27 29 30 31 32 33 38 39 40 42 43 44 45 47 48 50 51 53 54 55 56 58 59 60 61 63 64 65 66 67 68 69 70 71 73 74 75 76 78 79 80 81 83 85 86 87 88 89 90 91 92 93 94 96 97 98 }
out[82] = { 2 3 4 5 7 8 9 11 12 13 15 16 17 19 21 24 26 27 28 29 30 31 32 35 40 41 42 43 44 45 47 48 50 51 53 54 56 58 59 60 61 63 64 65 66 67 68 69 72 73 74 75 76 77 79 80 82 83 85 88 89 90 91 92 93 96 97 98 }

use[83] = { 0 1 2 3 6 9 13 19 20 22 23 25 26 27 29 33 36 37 41 43 44 45 48 51 52 53 55 68 71 72 73 74 79 81 86 87 91 92 94 98 }
def[83] = { 11 16 17 24 31 32 38 59 61 63 69 75 76 77 80 82 83 84 88 90 }

in[83] = { 0 1 2 3 5 6 7 9 13 15 19 20 22 23 25 26 27 28 29 33 35 36 37 39 40 41 43 44 45 46 48 50 51 52 53 55 56 57 60 67 68 71 72 73 74 78 79 81 86 87 91 92 94 98 }
out[83] = { 0 3 5 6 7 9 11 13 15 19 20 22 25 26 28 29 33 35 38 39 40 44 45 46 50 51 55 56 57 60 63 67 72 74 75 76 78 81 86 88 91 92 94 98 }

use[84] = { 0 1 2 3 4 5 8 10 11 16 20 23 26 27 29 31 33 37 38 39 41 44 47 49 50 53 54 55 56 60 61 62 63 65 66 70 73 74 76 77 80 81 86 87 90 94 }
def[84] = { 13 14 19 22 24 30 32 40 43 45 71 75 78 85 95 97 }

in[84] = { 0 1 2 3 4 5 6 7 8 9 10 11 12 15 16 17 18 20 21 23 25 26 27 28 29 31 33 34 35 36 37 38 39 41 42 44 46 47 48 49 50 51 52 53 54 55 56 58 60 61 62 63 64 65 66 67 68 69 70 72 73 74 76 77 79 80 81 82 83 84 86 87 88 89 90 91 92 93 94 98 99 }
out[84] = { 0 1 2 3 4 5 6 7 8 9 10 11 12 13 14 15 16 17 18 19 20 21 22 23 24 25 26 27 28 30 31 32 33 34 35 36 37 38 39 40 41 42 44 45 46 47 48 49 50 51 52 53 54 55 56 58 60 61 62 63 64 65 66 67 68 69 70 71 72 73 74 75 76 77 78 79 80 81 82 83 84 85 86 87 88 89 90 91 92 93 94 95 97 98 99 }

use[85] = { 0 1 2 4 5 6 7 13 15 16 19 22 25 28 31 32 34 36 37 38 39 43 45 47 48 50 51 53 54 55 56 58 61 62 67 68 69 70 72 73 74 77 80 81 82 83 87 88 89 90 91 92 93 96 }
def[85] = { 3 8 10 11 26 27 35 44 46 49 59 63 75 76 79 95 }

in[85] = { 0 1 2 4 5 6 7 9 12 13 14 15 16 17 18 19 20 21 22 23 24 25 28 29 30 31 32 33 34 36 37 38 39 40 41 42 43 45 47 48 50 51 52 53 54 55 56 57 58 60 61 62 64 65 66 67 68 69 70 71 72 73 74 77 78 80 81 82 83 84 85 86 87 88 89 90 91 92 93 94 96 97 98 }
out[85] = { 0 1 2 3 4 5 6 7 8 9 10 12 14 15 16 17 18 19 20 21 22 23 24 25 26 27 28 29 30 31 32 33 34 35 36 37 38 39 40 41 42 43 44 45 46 47 48 49 50 51 52 53 54 55 56 57 58 59 60 61 62 63 64 65 66 67 68 70 71 72 73 75 76 77 78 79 80 81 82 83 84 85 86 87 88 91 92 93 94 95 96 97 98 }

use[86] = { 1 5 8 10 11 13 14 15 16 18 20 22 26 28 33 34 35 36 38 40 41 42 51 54 55 56 58 61 62 63 65 66 67 68 69 71 82 83 84 90 91 94 95 98 99 }
def[86] = { 0 9 21 23 24 29 32 43 45 48 49 57 76 77 88 89 93 96 97 }

in[86] = { 1 2 3 4 5 6 7 8 10 11 12 13 14 15 16 17 18 19 20 22 25 26 27 28 31 33 34 35 36 37 38 39 40 41 42 44 46 47 50 51 52 53 54 55 56 58 60 61 62 63 64 65 66 67 68 69 70 71 72 73 74 78 79 80 81 82 83 84 86 87 90 91 92 94 95 98 99 }
out[86] = { 0 1 2 3 4 5 6 7 8 9 10 11 12 13 15 16 17 18 19 20 21 22 23 25 26 27 28 29 31 33 34 35 36 37 38 39 40 41 42 43 44 45 46 47 48 49 50 51 52 53 54 55 56 57 58 60 61 62 63 64 65 66 67 68 69 70 71 72 73 74 76 77 78 79 80 81 82 83 84 86 87 88 89 90 91 92 93 94 98 99 }

use[87] = { 0 1 6 8 9 10 16 18 19 22 24 28 29 30 31 34 35 37 38 41 46 47 50 51 52 53 54 55 57 60 62 66 67 68 69 72 73 75 78 80 81 84 86 87 92 93 94 95 98 }
def[87] = { 7 12 23 26 33 36 42 45 49 61 63 64 65 76 79 88 96 }

in[87] = { 0 1 6 8 9 10 16 18 19 22 24 28 29 30 31 34 35 37 38 41 46 47 50 51 52 53 54 55 57 60 62 66 67 68 69 72 73 75 78 80 81 84 86 87 92 93 94 95 98 }
out[87] = { }

use[88] = { 0 5 9 13 15 16 17 21 23 26 28 29 30 32 36 39 43 44 49 50 51 54 55 57 58 59 60 62 63 65 66 69 71 72 74 77 79 80 82 83 86 87 88 90 91 92 94 95 }
def[88] = { 2 3 7 10 11 22 24 27 33 35 40 45 46 48 67 73 84 85 93 99 }

in[88] = { 0 1 5 6 8 9 12 13 14 15 16 17 19 20 21 23 25 26 28 29 30 31 32 34 36 37 38 39 41 42 43 44 47 49 50 51 52 53 54 55 56 57 58 59 60 61 62 63 64 65 66 69 70 71 72 74 75 76 77 78 79 80 81 82 83 86 87 88 89 90 91 92 94 95 96 97 }
out[88] = { 0 1 2 3 5 6 7 8 9 11 12 13 14 15 16 17 19 20 21 22 23 24 25 26 27 28 29 30 31 32 33 34 35 37 38 40 41 42 43 44 45 46 47 48 49 50 51 52 53 55 56 57 58 59 60 61 62 63 64 65 66 67 70 71 73 74 75 76 77 78 79 80 81 82 83 84 85 86 87 88 89 90 91 92 93 94 96 97 99 }

use[89] = { 4 7 9 10 11 13 15 18 19 24 25 27 28 29 30 32 34 36 37 39 40 42 47 49 50 52 55 56 57 58 60 62 65 66 68 70 71 72 75 78 80 82 83 84 88 89 90 92 93 }
def[89] = { 1 8 12 20 38 41 43 51 54 61 64 73 77 85 91 94 95 96 }

in[89] = { 4 7 9 10 11 13 15 18 19 24 25 27 28 29 30 32 34 36 37 39 40 42 47 49 50 52 55 56 57 58 60 62 65 66 68 70 71 72 75 78 80 82 83 84 88 89 90 92 93 }
out[89] = { }

use[90] = { 2 4 5 8 9 10 12 14 20 23 24 25 26 27 28 29 33 38 40 43 49 50 52 59 61 62 63 66 67 71 73 75 76 77 80 82 84 85 88 90 92 94 96 99 }
def[90] = { 0 6 7 15 16 18 21 35 46 53 55 58 64 65 69 70 72 81 89 93 }

in[90] = { 1 2 4 5 8 9 10 12 13 14 19 20 22 23 24 25 26 27 28 29 30 31 33 34 36 37 38 39 40 42 43 44 45 47 48 49 50 52 54 56 57 59 60 61 62 63 66 67 68 71 73 74 75 76 77 79 80 82 83 84 85 86 87 88 90 91 92 94 95 96 97 99 }
out[90] = { 1 2 5 6 7 10 12 13 14 15 16 18 19 20 21 22 24 25 26 27 28 29 30 31 33 34 35 36 37 38 39 40 42 44 45 46 47 48 49 50 52 53 54 55 56 57 59 60 61 62 63 64 65 66 67 68 69 70 72 74 75 77 79 81 82 83 84 85 86 87 88 89 91 92 93 94 95 96 97 99 }

use[91] = { 0 2 4 6 8 9 10 14 15 18 19 20 21 24 27 29 30 41 44 45 46 48 53 55 56 58 60 63 64 66 68 71 72 74 76 77 78 87 89 90 91 93 97 99 }
def[91] = { 1 5 16 17 22 25 26 34 47 50 61 62 73 75 80 82 83 94 96 98 }

in[91] = { 0 2 4 6 8 9 10 14 15 18 19 20 21 24 27 29 30 41 44 45 46 48 53 55 56 58 60 63 64 66 68 71 72 74 76 77 78 87 89 90 91 93 97 99 }
out[91] = { }

use[92] = { 2 3 5 6 9 15 16 20 23 26 28 33 35 39 43 44 45 51 52 53 54 56 57 58 59 60 61 63 64 73 75 77 81 83 84 86 88 91 92 94 96 }
def[92] = { 1 12 13 17 18 21 27 41 47 48 62 65 82 85 89 }

in[92] = { 0 2 3 4 5 6 8 9 10 14 15 16 20 22 23 24 25 26 28 33 35 36 39 40 43 44 45 50 51 52 53 54 55 56 57 58 59 60 61 63 64 67 71 73 75 77 78 81 83 84 86 88 91 92 93 94 95 96 97 98 }
out[92] = { 0 4 8 9 10 13 14 15 20 22 24 25 27 28 33 36 39 40 41 43 48 50 51 53 54 55 58 60 61 62 64 65 67 71 73 75 78 81 83 88 91 92 93 95 97 98 }

use[93] = { 2 4 5 7 10 11 16 17 18 23 24 26 27 32 34 36 40 42 43 45 49 51 57 60 61 62 64 65 66 68 70 71 75 76 81 83 84 86 87 89 92 93 94 96 }
def[93] = { 0 6 9 12 15 22 28 30 33 37 59 67 72 78 82 85 95 }

in[93] = { 2 4 5 7 10 11 16 17 18 23 24 26 27 32 34 36 40 42 43 45 49 51 57 60 61 62 64 65 66 68 70 71 75 76 81 83 84 86 87 89 92 93 94 96 }
out[93] = { }

use[94] = { 0 2 3 6 8 10 12 13 14 18 20 22 23 24 25 28 29 30 32 33 35 38 39 41 42 45 47 48 49 51 54 56 60 62 70 71 73 74 76 77 78 79 81 83 85 88 90 92 93 94 98 }
def[94] = { 1 5 9 11 17 19 31 44 52 58 63 65 69 75 82 86 87 89 }

in[94] = { 0 2 3 4 6 7 8 10 12 13 14 15 16 18 20 21 22 23 24 25 26 27 28 29 30 32 33 34 35 37 38 39 40 41 42 43 45 46 47 48 49 50 51 53 54 55 56 57 59 60 61 62 64 66 67 68 70 71 72 73 74 76 77 78 79 81 83 84 85 88 90 91 92 93 94 95 96 97 98 99 }
out[94] = { 0 1 2 3 4 5 6 7 8 9 11 12 13 14 15 16 17 18 19 20 21 22 23 24 25 26 27 28 29 30 31 32 33 34 35 37 38 39 40 41 42 43 44 45 46 47 48 49 50 51 52 53 54 55 56 57 58 59 60 61 62 63 64 65 66 67 68 70 71 72 73 74 75 76 77 78 79 81 82 83 84 85 86 87 88 89 90 91 92 93 94 95 96 97 98 99 }

use[95] = { 1 14 15 16 17 19 23 24 26 30 31 32 34 37 40 42 44 50 52 54 55 61 62 66 68 71 77 78 79 80 86 87 89 91 93 94 96 97 99 }
def[95] = { 2 4 5 9 13 18 22 27 45 46 48 49 53 63 65 75 76 84 85 88 92 }

in[95] = { 0 1 3 6 7 8 10 11 12 14 15 16 17 19 20 21 23 24 25 26 28 29 30 31 32 33 34 35 36 37 38 39 40 41 42 43 44 47 50 51 52 54 55 56 57 58 59 60 61 62 64 66 67 68 69 70 71 72 73 74 77 78 79 80 81 82 83 86 87 89 90 91 93 94 95 96 97 98 99 }
out[95] = { 0 1 2 3 4 5 6 7 8 9 10 11 12 13 14 15 16 17 18 19 20 21 22 23 24 25 26 27 28 29 30 31 32 33 34 35 36 37 38 39 40 41 42 43 44 45 46 47 48 49 50 51 52 53 54 55 56 57 58 59 60 61 62 63 64 65 66 67 68 69 70 71 72 73 74 75 76 77 78 79 80 81 82 83 84 85 86 87 88 89 90 91 92 93 94 95 96 97 98 99 }

use[96] = { 3 8 10 11 14 15 17 18 22 24 25 27 28 31 33 36 39 40 45 46 47 48 49 51 58 60 63 64 69 71 72 73 74 75 76 78 80 81 82 84 85 86 87 92 93 94 97 }
def[96] = { 4 12 19 21 23 32 34 37 38 43 54 55 65 66 68 70 79 99 }

in[96] = { 3 8 10 11 14 15 17 18 22 24 25 27 28 31 33 36 39 40 45 46 47 48 49 51 58 60 63 64 69 71 72 73 74 75 76 78 80 81 82 84 85 86 87 92 93 94 97 }
out[96] = { }

use[97] = { 2 3 7 8 11 14 15 17 18 20 22 23 26 27 30 31 32 36 37 40 42 44 45 46 50 51 52 53 59 61 62 64 65 66 67 70 73 74 75 76 77 79 81 82 83 85 89 91 93 95 96 98 99 }
def[97] = { 0 6 9 13 25 29 33 35 41 57 63 68 87 94 }

in[97] = { 1 2 3 5 7 8 11 12 14 15 16 17 18 19 20 21 22 23 24 26 27 28 30 31 32 34 36 37 38 39 40 42 44 45 46 48 49 50 51 52 53 54 55 56 58 59 60 61 62 64 65 66 67 69 70 71 72 73 74 75 76 77 78 79 80 81 82 83 84 85 86 89 91 92 93 95 96 97 98 99 }
out[97] = { 0 1 5 6 7 11 12 13 14 15 16 17 19 20 21 23 24 25 26 27 28 29 30 31 32 33 34 36 37 38 39 40 42 44 45 46 48 49 51 52 54 55 56 57 58 59 60 61 62 63 64 65 66 67 69 70 71 72 73 75 76 77 78 79 80 81 82 84 85 86 87 89 91 92 93 95 96 97 98 }

use[98] = { 1 3 4 5 6 8 9 12 14 15 16 17 20 22 24 25 26 30 31 33 34 36 38 39 40 50 51 52 53 58 59 64 65 66 69 73 74 76 79 81 83 87 88 89 90 91 93 95 98 99 }
def[98] = { 2 7 10 11 19 23 32 41 43 54 55 57 60 61 67 72 77 94 }

in[98] = { 1 3 4 5 6 8 9 12 14 15 16 17 20 22 24 25 26 30 31 33 34 36 38 39 40 50 51 52 53 58 59 64 65 66 69 73 74 76 79 81 83 87 88 89 90 91 93 95 98 99 }
out[98] = { }

use[99] = { 0 3 5 6 9 16 17 18 19 21 24 25 26 27 28 35 37 39 41 42 44 45 49 51 52 55 56 57 59 61 64 65 66 68 70 72 74 76 77 79 83 87 89 90 94 95 96 }
def[99] = { 2 7 13 29 32 43 53 58 60 62 67 71 }

in[99] = { 0 1 3 5 6 8 9 11 12 14 15 16 17 18 19 20 21 22 23 24 25 26 27 28 30 31 33 34 35 36 37 38 39 40 41 42 44 45 46 47 48 49 50 51 52 54 55 56 57 59 61 63 64 65 66 68 69 70 72 73 74 75 76 77 78 79 81 82 83 84 86 87 88 89 90 91 92 93 94 95 96 97 98 }
out[99] = { 0 1 2 3 5 6 7 8 9 11 12 14 15 16 17 18 19 20 21 22 23 24 25 27 29 30 31 32 33 34 35 36 37 38 39 40 41 43 44 46 47 48 49 50 51 53 54 56 57 58 59 61 62 63 64 66 67 68 69 70 71 72 73 74 75 76 78 79 81 82 83 84 86 87 88 89 90 91 92 93 94 95 96 97 98 }

