nsymbol   = 100
nvertex   = 100
max-succ  = 4
nactive   = 100
pid 20187
generating cfg...
generating usedefs...
liveness...

i for-loopen
DEtta borde vara lungt: nvertex/nactive
vår uträkning: 0
i liveness:  k: 0 vertex: 25 nsymbol: 100 
i for-loopen
DEtta borde vara lungt: nvertex/nactive
vår uträkning: 25
i liveness:  k: 1 vertex: 25 nsymbol: 100 
i thread_func:  vertex: 25 nsymbol: 100 
i for-loopen
DEtta borde vara lungt: nvertex/nactive
vår uträkning: 50
i liveness:  k: 2 vertex: 25 nsymbol: 100 
i thread_func:  vertex: 25 nsymbol: 100 
i for-loopen
DEtta borde vara lungt: nvertex/nactive
vår uträkning: 75
i liveness:  k: 3 vertex: 25 nsymbol: 100 
i thread_func:  vertex: 25 nsymbol: 100 
i thread_func:  vertex: 25 nsymbol: 100 
T =   0.0002 s

use[0] = { 2 8 9 10 12 18 19 20 22 26 28 30 32 33 35 36 37 38 43 44 48 49 50 51 52 53 55 57 58 60 62 63 64 65 67 69 75 76 80 82 83 84 86 87 90 93 97 98 }
def[0] = { 1 7 11 14 17 23 24 27 29 41 45 54 59 72 73 81 85 94 }

in[0] = { }
out[0] = { }

use[1] = { 2 5 6 7 10 12 13 14 17 18 20 22 23 24 25 28 29 30 33 35 38 39 47 48 50 55 56 57 59 60 64 66 67 69 71 75 78 80 82 83 85 87 88 89 92 93 94 95 98 }
def[1] = { 0 3 15 19 21 26 27 32 34 36 37 41 45 53 61 76 81 90 96 99 }

in[1] = { }
out[1] = { }

use[2] = { 1 2 6 12 13 18 26 29 31 35 36 42 45 46 47 49 52 53 54 56 57 59 63 66 67 70 71 72 75 79 80 81 83 85 86 87 89 93 96 97 98 99 }
def[2] = { 0 4 16 24 27 40 48 55 61 65 73 77 82 88 90 95 }

in[2] = { }
out[2] = { }

use[3] = { 1 2 4 6 10 11 12 13 14 16 17 18 20 21 22 23 24 28 29 30 31 32 37 39 40 41 45 47 51 54 55 56 58 59 63 66 70 71 74 75 77 80 81 84 85 86 88 89 90 96 97 99 }
def[3] = { 3 27 34 35 42 49 64 69 72 78 82 92 }

in[3] = { 0 1 2 4 5 6 9 10 11 12 13 14 15 16 17 18 20 21 22 23 24 25 26 28 29 30 31 32 33 37 38 39 40 41 43 44 45 46 47 48 50 51 52 54 55 56 57 58 59 60 61 63 65 66 67 68 70 71 73 74 75 76 77 79 80 81 83 84 85 86 88 89 90 95 96 97 98 99 }
out[3] = { 0 1 2 3 4 5 9 11 13 14 15 16 17 18 21 22 23 25 26 27 28 29 30 32 33 34 38 39 43 44 46 47 48 49 50 51 52 54 55 56 57 59 60 61 63 64 65 66 67 68 69 71 72 73 76 77 78 79 80 83 85 89 92 95 98 }

use[4] = { 1 3 4 5 9 11 12 16 19 20 21 22 26 27 31 34 38 39 42 45 46 47 53 54 58 59 65 66 68 69 70 71 72 74 76 78 80 83 86 87 91 92 93 98 }
def[4] = { 13 14 17 25 35 43 48 56 57 60 61 63 75 77 81 88 94 97 }

in[4] = { }
out[4] = { }

use[5] = { 1 2 6 10 14 18 19 21 23 25 26 35 37 38 40 43 44 45 47 48 52 55 56 58 59 61 62 63 64 65 66 67 72 73 74 75 78 81 83 84 87 88 91 92 93 95 96 99 }
def[5] = { 0 3 11 15 22 24 27 30 32 49 50 70 71 77 80 94 }

in[5] = { 1 2 4 5 6 7 9 10 14 17 18 19 20 21 23 25 26 29 31 33 34 35 36 37 38 39 40 41 43 44 45 46 47 48 51 52 54 55 56 58 59 61 62 63 64 65 66 67 68 69 72 73 74 75 76 78 79 81 83 84 85 86 87 88 89 90 91 92 93 95 96 98 99 }
out[5] = { 0 1 2 3 4 5 7 9 10 11 15 17 20 21 22 23 24 25 26 27 29 30 31 33 34 35 36 38 39 40 41 43 44 45 46 47 49 50 51 52 54 56 59 61 62 63 64 65 68 69 70 71 72 73 75 76 77 79 80 84 85 86 87 88 89 90 91 92 93 94 95 96 98 99 }

use[6] = { 0 2 6 8 9 14 16 17 18 20 22 25 26 27 31 34 36 40 44 45 47 51 56 57 59 60 62 63 64 67 71 72 75 76 77 78 79 81 84 85 87 88 89 93 94 97 98 99 }
def[6] = { 10 11 13 29 35 37 38 39 42 43 49 52 55 58 70 74 82 83 95 }

in[6] = { }
out[6] = { }

use[7] = { 1 2 3 4 5 6 7 8 14 15 17 18 21 22 24 28 32 36 39 40 41 42 43 46 47 51 53 55 60 63 64 65 68 70 71 73 74 75 76 77 78 81 87 88 91 92 93 95 96 97 99 }
def[7] = { 0 11 12 13 16 23 31 35 37 45 49 67 69 80 84 85 86 90 94 }

in[7] = { 1 2 3 4 5 6 7 8 9 10 14 15 17 18 19 20 21 22 24 25 26 28 29 30 32 33 34 36 38 39 40 41 42 43 44 46 47 48 50 51 52 53 54 55 56 57 58 59 60 61 62 63 64 65 66 68 70 71 72 73 74 75 76 77 78 79 81 82 83 87 88 89 91 92 93 95 96 97 98 99 }
out[7] = { 0 1 2 3 4 5 6 7 8 9 10 11 12 13 14 15 16 17 18 19 20 21 22 23 24 25 26 28 29 30 31 32 33 34 35 36 37 38 39 40 41 42 43 44 45 46 47 48 49 50 51 52 53 54 55 56 57 58 59 60 61 62 63 65 66 67 69 70 71 72 73 74 75 76 77 78 79 80 81 82 83 84 85 86 88 89 91 92 93 95 96 97 98 99 }

use[8] = { 0 1 9 10 12 16 19 20 21 24 25 26 27 29 36 39 42 43 44 45 47 49 50 56 60 61 64 65 68 71 72 73 74 78 81 83 85 86 87 88 89 91 92 93 95 96 98 99 }
def[8] = { 4 6 11 15 28 32 37 54 55 59 69 75 79 82 84 90 94 }

in[8] = { 0 1 2 3 7 8 9 10 12 13 16 17 18 19 20 21 22 24 25 26 27 29 30 31 34 35 36 38 39 40 41 42 43 44 45 46 47 48 49 50 51 52 53 56 58 60 61 62 63 64 65 66 67 68 70 71 72 73 74 76 77 78 80 81 83 85 86 87 88 89 91 92 93 95 96 98 99 }
out[8] = { 0 1 2 3 4 6 7 8 9 11 12 13 15 16 17 18 19 20 22 26 28 29 30 31 32 34 35 36 38 39 40 41 42 44 45 46 47 48 49 50 51 52 53 54 55 56 58 60 61 62 63 64 66 67 68 69 70 71 73 74 75 76 77 78 79 80 81 82 83 84 86 87 89 90 91 92 93 94 96 98 99 }

use[9] = { 0 1 4 7 8 9 11 12 14 15 20 21 25 28 33 37 39 41 43 44 45 48 49 54 56 57 59 62 63 64 67 68 69 71 75 76 81 82 83 84 88 89 92 93 94 95 96 97 }
def[9] = { 2 3 6 17 26 27 34 35 36 42 46 60 70 86 87 90 }

in[9] = { }
out[9] = { }

use[10] = { 1 2 3 6 7 9 10 12 13 15 17 20 21 23 26 27 29 31 32 33 34 35 39 46 47 48 51 52 53 58 61 68 69 71 74 76 77 82 84 86 88 90 91 92 93 94 99 }
def[10] = { 8 16 22 24 28 30 38 43 62 67 72 79 85 98 }

in[10] = { 1 2 3 4 5 6 7 9 10 11 12 13 14 15 17 18 19 20 21 23 26 27 29 31 32 33 34 35 36 37 39 40 42 44 45 46 47 48 51 52 53 54 55 56 57 58 59 60 61 63 66 68 69 70 71 73 74 75 76 77 78 80 81 82 83 84 86 88 90 91 92 93 94 96 97 99 }
out[10] = { 1 2 4 5 6 7 8 9 10 11 13 14 15 16 17 18 19 20 21 22 24 26 28 29 30 32 33 34 36 37 38 39 40 42 43 44 45 46 47 51 52 54 55 56 57 58 59 60 61 62 63 66 67 69 70 71 72 73 75 76 77 78 80 81 82 83 85 86 88 91 92 96 97 98 }

use[11] = { 8 12 19 20 22 24 25 26 27 32 33 35 37 39 40 41 42 43 44 50 52 53 54 57 60 62 65 66 68 70 72 73 75 80 81 82 83 84 85 87 89 92 93 94 95 96 98 }
def[11] = { 0 1 2 4 7 9 11 13 14 31 45 48 56 59 61 63 88 97 }

in[11] = { }
out[11] = { }

use[12] = { 0 1 6 7 10 11 13 15 17 18 19 21 22 23 25 27 29 31 34 36 38 40 44 45 47 48 53 59 62 65 70 72 73 76 81 82 83 86 89 90 91 92 94 97 98 }
def[12] = { 26 28 30 32 39 42 43 49 57 67 74 84 88 }

in[12] = { }
out[12] = { }

use[13] = { 0 3 5 7 9 14 16 17 18 19 22 23 27 28 29 30 31 34 35 38 40 42 44 46 47 50 51 53 57 58 61 62 64 65 67 70 71 77 78 79 81 82 83 84 89 90 95 96 98 99 }
def[13] = { 6 10 25 32 45 48 49 52 54 56 68 69 85 92 93 97 }

in[13] = { }
out[13] = { }

use[14] = { 0 1 4 6 7 10 12 13 14 15 16 17 18 19 23 25 26 30 31 32 35 36 37 38 42 50 54 55 57 61 66 67 70 73 74 76 78 84 85 86 89 90 91 94 95 96 97 }
def[14] = { 5 20 21 27 29 39 41 47 49 52 53 59 62 79 80 81 83 88 93 }

in[14] = { }
out[14] = { }

use[15] = { 0 1 3 7 10 11 12 14 15 16 19 21 22 23 24 25 30 31 35 36 41 43 46 47 48 51 53 66 67 69 71 77 78 79 81 82 83 84 85 90 91 92 93 95 97 }
def[15] = { 6 9 17 18 28 34 38 57 58 59 62 68 72 98 }

in[15] = { 0 1 3 4 5 7 8 10 11 12 13 14 15 16 19 21 22 23 24 25 29 30 31 32 35 36 37 41 42 43 46 47 48 49 50 51 52 53 54 55 61 66 67 69 71 73 74 77 78 79 81 82 83 84 85 86 89 90 91 92 93 95 96 97 99 }
out[15] = { 0 3 4 5 8 10 12 13 14 16 18 21 23 24 25 28 29 30 32 37 38 42 43 47 49 50 51 52 53 54 55 57 59 61 66 67 69 73 74 82 83 84 85 86 89 93 96 99 }

use[16] = { 1 2 5 13 19 23 26 27 28 29 32 35 38 40 41 42 48 49 50 51 52 53 55 56 59 61 63 64 67 68 71 75 76 77 78 79 82 83 86 87 88 89 91 93 95 97 98 99 }
def[16] = { 9 31 34 36 45 46 62 66 70 73 74 92 94 }

in[16] = { 1 2 5 6 8 12 13 17 18 19 23 24 26 27 28 29 30 32 33 35 38 39 40 41 42 47 48 49 50 51 52 53 55 56 58 59 60 61 63 64 67 68 71 72 75 76 77 78 79 80 81 82 83 85 86 87 88 89 90 91 93 95 97 98 99 }
out[16] = { 1 6 8 9 12 17 18 19 23 24 29 30 31 32 33 34 35 38 39 40 47 50 56 58 59 60 66 67 68 72 75 77 78 80 81 82 85 86 87 88 90 94 99 }

use[17] = { 2 3 7 9 13 14 18 21 23 26 27 29 30 33 35 36 39 46 49 52 56 59 60 61 62 63 65 68 75 77 79 82 85 86 90 91 92 93 94 95 96 97 }
def[17] = { 0 5 6 12 20 32 40 41 42 50 51 54 55 67 80 }

in[17] = { 1 2 3 4 7 8 9 10 11 13 14 15 16 17 18 19 21 22 23 24 25 26 27 28 29 30 31 33 34 35 36 37 38 39 43 44 45 46 47 48 49 52 53 56 57 58 59 60 61 62 63 65 66 68 69 70 71 72 73 74 75 76 77 78 79 81 82 83 84 85 86 87 88 89 90 91 92 93 94 95 96 97 98 }
out[17] = { 0 1 2 3 4 5 6 7 8 9 10 11 12 14 15 16 17 19 20 21 22 23 24 25 26 27 28 29 30 31 32 33 34 36 37 38 40 41 42 43 44 45 47 48 49 51 52 53 54 55 56 57 58 59 60 61 62 65 66 67 68 69 70 71 72 73 74 75 76 77 78 79 80 81 82 83 84 85 86 87 88 89 90 91 92 93 94 95 96 97 98 }

use[18] = { 1 3 4 8 9 11 12 13 16 17 18 20 26 29 30 31 36 39 41 42 44 45 46 47 49 50 54 56 58 60 61 62 63 64 66 67 68 70 71 73 74 75 77 78 79 81 84 92 93 96 98 99 }
def[18] = { 5 10 21 23 24 27 33 37 43 59 65 72 85 95 97 }

in[18] = { 0 1 2 3 4 6 7 8 9 11 12 13 15 16 17 18 19 20 22 26 28 29 30 31 32 34 35 36 38 39 40 41 42 44 45 46 47 48 49 50 51 52 53 54 55 56 58 60 61 62 63 64 66 67 68 69 70 71 73 74 75 76 77 78 79 80 81 82 83 84 86 87 89 90 91 92 93 94 96 98 99 }
out[18] = { 0 2 3 4 5 6 7 8 9 11 12 13 15 17 19 20 21 22 23 28 29 30 32 33 34 35 36 37 38 39 40 41 42 43 44 45 48 49 51 52 53 55 56 59 60 61 62 63 66 68 69 70 71 72 74 75 76 77 78 79 80 81 82 83 85 86 87 89 90 91 92 93 94 95 96 97 98 99 }

use[19] = { 1 2 4 7 11 14 18 19 24 25 30 32 35 41 43 44 45 47 49 52 53 56 58 61 62 63 66 67 69 70 71 72 74 76 79 80 86 89 94 97 98 99 }
def[19] = { 15 21 23 40 51 54 55 60 75 77 78 83 84 90 93 95 }

in[19] = { }
out[19] = { }

use[20] = { 1 2 3 6 7 8 12 14 15 17 19 20 21 24 29 30 33 34 37 38 39 41 42 43 44 46 48 49 50 51 52 53 54 56 59 61 62 63 65 68 71 74 75 76 78 81 85 86 88 91 95 }
def[20] = { 5 9 11 25 26 64 70 93 94 97 }

in[20] = { }
out[20] = { }

use[21] = { 2 3 4 5 6 8 9 10 12 13 15 18 20 21 27 28 31 33 34 35 38 39 42 45 46 47 48 49 50 51 52 53 55 58 59 62 63 68 69 71 74 75 78 83 84 87 90 96 }
def[21] = { 1 19 22 25 36 43 57 60 64 66 77 79 81 82 89 93 94 }

in[21] = { }
out[21] = { }

use[22] = { 0 2 4 8 10 11 12 14 15 16 20 22 23 25 28 30 31 34 36 37 39 43 44 45 47 48 49 50 52 53 54 55 56 57 58 60 61 62 63 66 70 79 81 83 86 87 88 94 96 99 }
def[22] = { 5 17 18 21 27 32 33 40 67 68 71 73 74 77 90 91 92 97 }

in[22] = { }
out[22] = { }

use[23] = { 1 4 5 6 7 9 10 11 12 15 18 19 22 23 24 26 29 30 31 34 36 37 38 40 41 42 45 46 49 51 54 55 56 59 66 67 68 69 70 73 74 76 80 81 83 84 85 86 88 89 91 92 }
def[23] = { 13 14 17 20 27 28 35 58 63 64 65 78 90 93 }

in[23] = { }
out[23] = { }

use[24] = { 0 1 2 3 4 7 9 21 22 25 27 29 30 31 34 35 36 38 39 41 43 46 49 50 51 52 54 56 59 61 63 65 69 71 72 73 76 77 80 84 85 87 88 89 90 91 92 93 96 98 99 }
def[24] = { 6 8 13 16 19 32 37 42 48 53 55 57 58 60 74 81 97 }

in[24] = { 0 1 2 3 4 5 7 9 10 11 15 17 20 21 22 23 24 25 26 27 29 30 31 33 34 35 36 38 39 40 41 43 44 45 46 47 49 50 51 52 54 56 59 61 62 63 64 65 68 69 70 71 72 73 75 76 77 79 80 84 85 86 87 88 89 90 91 92 93 94 95 96 98 99 }
out[24] = { 0 1 2 3 4 5 6 7 9 10 11 13 15 16 17 19 20 21 22 23 24 25 26 27 29 30 31 32 33 34 35 36 37 38 39 40 41 42 43 44 45 46 47 48 49 50 51 53 54 55 56 58 59 60 61 62 63 64 65 68 69 70 71 72 73 75 77 79 80 81 84 85 86 87 88 90 92 93 94 95 96 98 99 }

use[25] = { 1 2 4 5 6 10 11 13 14 16 17 18 20 21 22 27 29 31 37 38 39 41 42 43 45 46 50 51 53 54 56 59 62 64 66 67 68 70 71 72 80 82 83 86 87 89 90 94 97 98 }
def[25] = { 3 19 26 28 32 47 48 49 55 57 60 63 69 73 75 78 91 99 }

in[25] = { 1 2 4 5 6 10 11 13 14 16 17 18 20 21 22 27 29 31 37 38 39 41 42 43 45 46 50 51 53 54 56 59 62 64 66 67 68 70 71 72 80 82 83 86 87 89 90 94 97 98 }
out[25] = { }

use[26] = { 1 2 5 6 7 8 9 10 11 12 21 23 28 33 36 40 41 42 44 47 48 49 50 51 53 55 57 60 64 66 68 70 71 74 77 78 80 82 85 86 88 91 92 95 96 97 99 }
def[26] = { 14 15 17 18 22 24 29 37 38 52 63 72 73 75 93 98 }

in[26] = { }
out[26] = { }

use[27] = { 0 2 4 12 17 18 21 22 23 24 26 27 29 30 32 33 37 39 48 49 50 51 52 54 55 56 58 59 61 62 64 68 70 71 72 80 81 82 83 86 88 89 90 92 94 95 97 99 }
def[27] = { 1 8 15 16 25 31 36 40 41 45 53 60 65 75 77 91 93 96 }

in[27] = { }
out[27] = { }

use[28] = { 0 1 5 6 9 11 15 16 17 20 21 22 23 25 26 27 32 33 39 45 46 50 51 52 53 54 55 56 58 60 65 67 68 69 71 73 74 78 82 83 87 88 89 90 91 92 93 94 95 99 }
def[28] = { 3 8 13 43 44 47 59 62 70 76 81 84 86 97 98 }

in[28] = { 0 1 2 4 5 6 7 9 10 11 12 14 15 16 17 18 19 20 21 22 23 24 25 26 27 28 29 30 31 32 33 34 35 36 37 38 39 40 41 42 45 46 48 49 50 51 52 53 54 55 56 57 58 60 61 63 64 65 66 67 68 69 71 72 73 74 75 77 78 79 80 82 83 85 87 88 89 90 91 92 93 94 95 96 99 }
out[28] = { 0 1 2 3 4 5 6 7 8 9 10 11 12 13 14 15 16 17 18 19 20 21 22 23 24 25 26 27 28 29 30 31 32 33 34 35 36 37 38 39 40 41 42 43 44 45 46 47 48 49 50 51 52 53 54 55 56 57 58 59 60 61 62 63 64 65 66 67 68 69 70 71 72 73 74 75 76 77 78 79 80 81 82 83 84 85 86 87 88 89 90 91 92 93 94 95 96 97 98 99 }

use[29] = { 3 6 7 8 9 10 11 17 19 21 22 23 25 28 37 42 43 44 45 49 51 55 56 58 59 60 62 66 68 70 71 72 73 74 76 78 79 80 82 83 86 87 91 92 95 97 98 }
def[29] = { 0 2 5 14 26 29 35 39 52 57 61 63 64 85 94 }

in[29] = { }
out[29] = { }

use[30] = { 0 1 3 7 8 9 13 14 16 18 22 29 30 32 33 38 39 40 43 46 47 48 51 52 53 54 55 57 58 59 60 62 64 65 68 69 70 73 76 78 79 80 81 82 83 91 95 }
def[30] = { 2 4 11 20 21 28 31 34 36 37 71 72 84 85 90 92 94 96 }

in[30] = { 0 1 3 5 7 8 9 10 12 13 14 15 16 18 19 22 24 25 26 29 30 32 33 35 38 39 40 41 43 44 46 47 48 49 50 51 52 53 54 55 57 58 59 60 61 62 63 64 65 66 68 69 70 73 76 78 79 80 81 82 83 87 88 89 91 93 95 97 98 }
out[30] = { 0 1 2 3 4 5 7 8 9 10 11 12 13 14 15 16 18 19 20 21 22 24 25 26 28 29 30 31 32 33 34 35 36 39 40 41 43 44 46 47 48 49 50 51 52 53 55 57 58 59 60 61 63 64 65 66 68 69 70 71 72 73 76 78 79 80 81 82 85 87 88 89 90 91 93 94 95 96 97 98 }

use[31] = { 0 3 5 8 9 11 14 15 16 18 19 21 23 29 31 34 43 46 47 48 52 53 55 56 57 58 59 64 65 69 70 71 72 74 76 77 79 80 82 84 85 88 91 93 98 99 }
def[31] = { 2 7 10 13 17 32 35 37 41 42 51 54 61 73 86 90 95 97 }

in[31] = { 0 1 3 4 5 6 8 9 11 12 14 15 16 18 19 20 21 22 23 24 25 26 27 28 29 30 31 33 34 36 38 39 40 43 44 45 46 47 48 49 50 52 53 55 56 57 58 59 60 62 63 64 65 66 67 68 69 70 71 72 74 75 76 77 78 79 80 81 82 83 84 85 87 88 89 91 92 93 94 96 98 99 }
out[31] = { 0 1 2 3 4 5 6 7 8 9 10 11 12 13 14 15 16 17 18 19 20 21 22 23 24 25 26 27 28 29 30 31 32 33 34 35 36 37 38 39 40 41 42 43 44 45 46 47 48 49 50 51 52 54 55 56 57 58 59 60 61 62 63 64 65 66 67 68 69 70 71 72 73 74 75 76 77 78 79 80 81 82 83 84 85 87 88 89 91 92 93 94 95 96 97 98 99 }

use[32] = { 0 1 2 4 7 11 13 18 19 20 21 24 26 27 28 30 31 33 34 35 36 37 39 42 44 45 46 49 50 52 55 59 61 62 63 65 66 68 70 73 75 77 78 81 82 83 85 86 88 94 95 96 97 }
def[32] = { 12 15 29 38 41 47 51 56 58 60 71 72 74 76 90 91 }

in[32] = { }
out[32] = { }

use[33] = { 0 1 6 11 12 13 14 16 18 20 23 24 25 26 27 28 29 30 33 36 37 43 44 46 49 51 53 54 56 62 64 65 66 67 69 70 72 73 74 80 84 85 87 90 91 93 99 }
def[33] = { 2 5 7 22 39 40 55 61 68 71 76 78 82 89 94 95 96 }

in[33] = { 0 1 3 4 6 8 9 10 11 12 13 14 15 16 17 18 20 21 23 24 25 26 27 28 29 30 31 32 33 35 36 37 38 41 42 43 44 45 46 47 48 49 50 51 52 53 54 56 57 58 59 60 62 63 64 65 66 67 69 70 72 73 74 75 77 79 80 81 83 84 85 86 87 88 90 91 92 93 97 98 99 }
out[33] = { 0 1 2 3 4 5 6 7 8 9 10 11 12 13 14 15 16 17 18 20 21 22 23 24 25 26 27 28 29 30 31 32 33 35 36 37 38 39 40 41 42 43 44 45 46 47 48 49 50 51 52 54 55 56 57 58 59 60 61 62 63 64 65 66 67 68 69 70 71 72 73 74 75 76 77 78 79 80 81 82 83 84 85 86 87 88 89 90 92 93 94 95 96 97 98 99 }

use[34] = { 0 2 4 6 9 10 15 20 24 28 29 32 33 36 37 38 40 41 42 45 49 50 51 53 54 55 56 57 58 60 61 62 63 64 66 69 70 76 78 80 81 82 85 90 91 92 93 94 95 96 98 }
def[34] = { 7 8 11 16 19 21 26 27 48 52 59 71 89 }

in[34] = { 0 1 2 3 4 5 6 9 10 12 13 14 15 17 18 20 22 23 24 25 28 29 30 31 32 33 34 35 36 37 38 39 40 41 42 43 44 45 46 47 49 50 51 53 54 55 56 57 58 60 61 62 63 64 65 66 67 68 69 70 72 73 74 75 76 77 78 79 80 81 82 83 84 85 86 87 88 90 91 92 93 94 95 96 97 98 99 }
out[34] = { 0 1 2 3 4 5 6 7 8 9 10 11 12 13 14 15 16 17 18 20 21 22 23 24 25 26 27 28 29 30 31 32 33 34 35 36 37 38 39 40 41 42 43 44 45 46 47 48 49 50 51 52 53 54 55 56 57 58 59 60 61 62 63 64 65 66 67 68 69 70 71 72 73 74 75 76 77 78 79 80 81 82 83 84 85 86 87 88 89 90 91 92 93 94 95 96 97 98 99 }

use[35] = { 0 2 3 5 6 8 10 11 14 16 22 25 26 27 28 29 31 32 33 34 36 37 38 40 42 47 48 50 51 52 56 57 60 65 69 71 72 74 77 79 80 83 91 92 93 94 97 99 }
def[35] = { 4 7 9 15 18 20 21 24 30 39 46 49 54 58 66 67 68 70 73 75 76 87 }

in[35] = { 0 1 2 3 5 6 8 10 11 12 13 14 16 17 19 22 23 25 26 27 28 29 31 32 33 34 35 36 37 38 40 41 42 43 44 45 47 48 50 51 52 53 55 56 57 59 60 64 65 69 71 72 74 77 78 79 80 81 83 84 85 86 88 90 91 92 93 94 95 96 97 99 }
out[35] = { 0 1 3 4 6 7 8 10 12 13 14 15 16 17 18 19 22 23 24 26 28 29 30 31 32 33 34 35 37 38 39 41 42 43 44 45 46 47 48 49 50 51 53 54 55 58 59 60 64 65 66 67 68 69 70 71 72 74 75 76 77 78 80 81 83 84 85 86 87 88 90 91 92 93 94 95 96 97 99 }

use[36] = { 0 2 3 5 9 15 16 19 20 22 23 26 27 29 36 37 38 40 41 45 46 47 49 50 51 55 58 59 60 62 63 64 66 67 73 75 79 80 81 82 83 91 92 95 97 98 99 }
def[36] = { 4 13 18 28 33 35 39 48 52 53 56 69 71 77 86 88 93 }

in[36] = { }
out[36] = { }

use[37] = { 0 2 3 4 5 6 7 10 13 14 15 16 19 20 21 24 29 30 31 33 35 37 38 39 40 42 49 52 56 58 60 63 65 68 69 72 75 77 80 81 83 87 92 93 96 98 }
def[37] = { 1 9 22 23 25 32 41 47 48 54 55 70 82 89 90 95 }

in[37] = { }
out[37] = { }

use[38] = { 0 2 3 5 6 7 8 9 11 22 25 26 27 28 32 35 36 37 38 39 42 44 46 49 53 57 59 60 62 64 66 67 70 72 77 81 84 88 89 90 92 95 96 98 }
def[38] = { 4 20 23 40 43 47 48 50 55 63 65 69 71 74 75 80 93 }

in[38] = { 0 2 3 5 6 7 8 9 10 11 13 14 16 17 19 21 22 25 26 27 28 29 30 31 32 35 36 37 38 39 41 42 44 45 46 49 53 56 57 59 60 61 62 64 66 67 68 70 72 77 78 81 83 84 86 87 88 89 90 92 95 96 97 98 }
out[38] = { 0 2 3 4 5 6 10 13 14 16 17 19 20 21 22 23 26 27 29 30 31 35 36 37 38 39 40 41 42 43 44 45 46 47 48 50 53 55 56 61 62 64 66 67 68 69 70 71 74 78 81 83 84 86 87 88 89 93 96 97 }

use[39] = { 2 3 5 7 8 10 11 12 14 18 23 24 26 27 28 31 33 34 36 37 38 41 44 48 49 50 53 54 55 59 61 62 64 68 70 71 76 78 80 82 86 87 89 93 94 95 98 99 }
def[39] = { 6 16 19 30 42 46 51 69 73 83 84 88 92 96 }

in[39] = { }
out[39] = { }

use[40] = { 2 10 11 12 14 16 17 18 21 23 24 30 31 33 34 36 37 40 43 46 50 51 52 53 58 63 64 65 66 67 68 70 71 72 73 75 78 79 80 83 85 86 89 90 92 98 }
def[40] = { 1 4 5 9 19 25 26 27 28 42 44 48 55 74 81 87 88 93 95 }

in[40] = { }
out[40] = { }

use[41] = { 1 2 6 10 11 15 16 19 20 21 27 28 31 32 36 38 42 43 44 45 47 48 52 54 55 58 60 61 67 69 70 71 73 74 77 78 81 82 84 86 88 89 91 93 96 }
def[41] = { 0 7 13 18 26 35 37 39 46 50 56 63 64 65 75 79 95 }

in[41] = { 1 2 3 4 5 6 8 9 10 11 12 14 15 16 17 19 20 21 22 23 24 25 27 28 29 30 31 32 33 34 36 38 40 41 42 43 44 45 47 48 49 51 52 53 54 55 57 58 59 60 61 62 66 67 68 69 70 71 72 73 74 76 77 78 80 81 82 83 84 85 86 87 88 89 90 91 92 93 94 96 97 98 }
out[41] = { 0 1 2 3 4 5 7 8 9 10 11 12 13 14 15 16 17 18 19 20 21 22 23 24 25 26 27 28 29 30 31 32 33 34 35 36 37 38 39 40 41 42 43 44 45 46 47 48 49 50 51 52 53 54 55 56 57 58 59 60 61 62 63 64 65 66 67 68 69 70 71 72 73 74 75 76 77 78 79 80 81 82 83 84 85 86 87 88 89 90 91 92 93 94 95 96 97 98 }

use[42] = { 0 6 7 9 10 11 12 13 16 17 20 24 25 26 30 32 34 35 36 41 42 45 46 47 49 50 57 62 63 66 67 71 72 73 75 77 78 79 81 85 86 89 92 93 95 96 97 98 }
def[42] = { 8 14 15 28 29 40 51 52 54 58 64 65 69 74 80 82 90 91 }

in[42] = { }
out[42] = { }

use[43] = { 0 2 3 7 8 9 12 15 20 21 23 32 33 34 38 39 40 41 44 48 51 52 53 62 68 69 72 74 76 78 79 81 82 83 86 89 90 93 94 95 96 98 }
def[43] = { 1 10 14 18 24 25 26 27 31 46 47 50 54 57 58 64 67 73 88 }

in[43] = { 0 2 3 4 5 6 7 8 9 11 12 13 15 17 19 20 21 22 23 28 29 30 32 33 34 35 36 37 38 39 40 41 42 43 44 45 48 49 51 52 53 55 56 59 60 61 62 63 66 68 69 70 71 72 74 75 76 77 78 79 80 81 82 83 85 86 87 89 90 91 92 93 94 95 96 97 98 99 }
out[43] = { 0 1 2 4 5 6 7 8 9 11 12 13 14 17 18 19 20 21 22 23 24 25 26 27 28 29 30 31 32 33 34 35 36 37 38 39 40 41 42 43 44 45 46 47 48 49 50 51 52 53 55 56 57 58 59 60 61 62 63 64 66 67 68 69 70 71 72 73 75 76 77 78 79 80 81 82 83 85 86 87 88 89 90 91 92 93 94 95 96 97 98 99 }

use[44] = { 0 5 6 8 14 15 18 19 20 21 23 27 28 30 34 36 39 40 41 44 45 47 51 52 54 55 56 57 58 59 60 61 65 67 68 70 73 74 76 79 80 81 83 85 87 93 96 97 98 99 }
def[44] = { 2 9 10 11 12 17 22 25 37 53 62 63 71 75 84 86 }

in[44] = { }
out[44] = { }

use[45] = { 0 3 4 5 6 9 10 11 12 14 15 16 17 18 19 20 23 25 32 33 37 39 41 42 44 46 47 48 49 50 51 53 58 61 62 67 68 69 75 79 80 82 83 87 88 90 92 94 96 }
def[45] = { 1 2 7 24 27 29 30 31 34 35 38 56 63 66 71 77 85 93 97 }

in[45] = { }
out[45] = { }

use[46] = { 9 10 13 14 15 19 21 22 24 29 30 34 35 37 40 41 42 43 45 47 53 55 59 60 61 62 64 65 66 69 70 72 73 74 75 79 80 81 82 83 84 86 88 90 93 94 96 98 99 }
def[46] = { 0 5 11 16 36 39 50 52 54 57 68 76 78 97 }

in[46] = { }
out[46] = { }

use[47] = { 4 8 9 10 11 12 13 14 15 18 19 20 22 24 25 26 29 31 33 36 41 43 44 46 49 50 51 52 58 63 64 65 66 68 73 78 79 81 82 87 88 90 91 94 97 98 }
def[47] = { 21 37 38 45 48 54 56 62 71 72 75 76 83 }

in[47] = { 0 1 3 4 5 7 8 9 10 11 12 13 14 15 16 18 19 20 22 24 25 26 29 30 31 32 33 35 36 39 40 41 43 44 46 47 49 50 51 52 53 55 57 58 59 60 61 63 64 65 66 68 69 70 73 78 79 80 81 82 87 88 89 90 91 93 94 95 97 98 }
out[47] = { 0 1 3 5 7 8 9 10 12 13 14 15 16 18 19 22 24 25 26 29 30 32 33 35 38 39 40 41 43 44 46 47 48 49 50 51 52 53 54 55 57 58 59 60 61 62 63 64 65 66 68 69 70 73 76 78 79 80 81 82 83 87 88 89 91 93 95 97 98 }

use[48] = { 1 4 8 10 12 14 15 17 18 24 25 26 27 28 32 36 38 42 43 44 46 47 48 49 50 51 53 54 55 56 59 61 62 65 69 70 71 74 78 82 83 84 85 86 88 90 95 96 }
def[48] = { 5 11 20 21 31 41 52 58 63 66 72 92 93 97 98 }

in[48] = { }
out[48] = { }

use[49] = { 2 3 4 7 9 11 12 15 18 19 23 24 25 28 32 37 39 40 42 46 49 50 54 55 57 59 60 62 64 65 69 74 75 78 84 85 87 88 90 91 94 95 96 98 }
def[49] = { 1 5 16 29 33 35 41 44 63 70 71 72 76 77 79 93 }

in[49] = { }
out[49] = { }

use[50] = { 0 1 3 8 12 13 14 17 18 22 24 28 31 38 39 41 42 47 49 50 51 59 64 65 69 70 71 72 74 75 77 80 81 83 84 85 92 93 94 95 96 97 99 }
def[50] = { 2 9 15 21 29 30 37 40 45 57 58 62 63 67 68 76 88 }

in[50] = { 0 1 3 8 12 13 14 17 18 22 24 28 31 38 39 41 42 47 49 50 51 59 64 65 69 70 71 72 74 75 77 80 81 83 84 85 92 93 94 95 96 97 99 }
out[50] = { }

use[51] = { 2 4 6 8 9 11 12 13 18 19 22 23 27 29 33 34 37 39 41 43 47 48 50 51 52 53 54 55 58 59 63 67 68 69 70 76 77 78 81 83 84 85 87 88 89 91 92 98 99 }
def[51] = { 10 15 26 28 30 35 40 42 45 46 56 60 64 71 72 73 90 97 }

in[51] = { 1 2 4 6 8 9 11 12 13 14 16 18 19 20 21 22 23 24 25 27 29 31 32 33 34 37 38 39 41 43 44 47 48 49 50 51 52 53 54 55 58 59 61 62 63 65 67 68 69 70 74 75 76 77 78 79 80 81 82 83 84 85 86 87 88 89 91 92 94 95 96 98 99 }
out[51] = { 1 2 4 6 8 9 10 11 12 13 14 15 16 18 20 21 22 24 25 26 28 29 30 31 32 33 35 37 38 39 40 41 42 43 44 45 47 48 49 50 52 53 55 56 59 60 61 62 63 64 65 67 68 69 70 72 73 74 75 77 78 79 80 82 83 84 85 86 87 90 92 94 95 96 97 98 99 }

use[52] = { 1 2 4 5 9 11 12 14 19 22 23 27 28 31 32 33 34 36 37 38 42 43 44 45 50 51 52 53 60 62 63 64 65 66 68 72 73 74 75 77 79 80 81 86 89 93 98 99 }
def[52] = { 6 16 17 18 21 26 30 40 48 49 54 55 58 71 82 84 92 95 }

in[52] = { 1 2 4 5 9 11 12 14 19 22 23 27 28 31 32 33 34 36 37 38 42 43 44 45 50 51 52 53 60 62 63 64 65 66 68 72 73 74 75 77 79 80 81 86 89 93 98 99 }
out[52] = { }

use[53] = { 2 4 10 16 18 20 21 22 23 29 30 31 33 35 36 37 39 40 43 47 49 52 53 55 56 58 61 64 65 66 67 68 70 71 73 74 77 82 85 87 89 92 95 96 97 98 }
def[53] = { 0 1 3 5 6 9 13 17 27 32 42 48 54 60 62 69 84 90 93 }

in[53] = { 2 4 7 8 10 11 12 14 15 16 18 19 20 21 22 23 24 25 26 28 29 30 31 33 34 35 36 37 38 39 40 41 43 45 46 47 49 50 51 52 53 55 56 58 59 61 63 64 65 66 67 68 70 71 72 73 74 75 77 78 79 80 81 82 83 85 86 87 88 89 92 94 95 96 97 98 99 }
out[53] = { 0 1 2 5 6 7 8 9 10 11 12 13 14 15 16 17 18 19 20 22 24 25 26 27 28 29 30 32 33 34 35 36 37 38 39 40 41 42 43 45 46 47 48 49 50 51 53 56 58 59 60 61 63 64 65 66 67 68 69 71 72 74 75 77 78 79 80 81 83 84 85 86 87 88 89 90 92 93 94 96 97 98 99 }

use[54] = { 2 3 4 8 9 11 12 17 18 21 24 27 28 30 33 34 36 39 43 46 49 51 52 53 54 58 60 70 73 78 79 82 83 86 89 92 93 95 97 98 99 }
def[54] = { 1 6 7 15 19 20 25 26 31 35 40 42 44 50 63 71 81 84 88 90 94 }

in[54] = { 0 2 3 4 5 8 9 10 11 12 13 14 16 17 18 21 22 23 24 27 28 29 30 32 33 34 36 37 38 39 41 43 45 46 47 49 51 52 53 54 55 56 57 58 59 60 61 62 64 65 66 67 68 69 70 72 73 74 75 76 77 78 79 82 83 85 86 87 89 91 92 93 95 96 97 98 99 }
out[54] = { 0 1 2 3 4 5 6 7 8 9 10 11 12 13 14 15 16 17 18 19 20 21 22 23 24 25 26 27 28 29 30 31 32 33 34 35 36 37 38 39 40 41 42 43 45 46 47 49 50 51 52 53 54 55 56 57 58 59 60 61 62 63 64 65 66 67 68 69 70 71 72 73 74 75 76 77 79 81 82 83 84 85 86 87 88 89 90 91 92 93 94 95 96 97 98 99 }

use[55] = { 4 6 7 8 9 10 12 16 20 22 25 29 30 31 35 36 37 38 39 41 43 44 45 48 49 51 52 58 61 62 64 65 70 72 75 78 80 82 83 84 87 90 92 93 94 99 }
def[55] = { 2 5 11 13 19 24 34 47 53 55 63 69 76 81 91 }

in[55] = { 0 1 3 4 6 7 8 9 10 12 14 15 16 17 18 20 21 22 23 25 26 27 28 29 30 31 32 33 35 36 37 38 39 40 41 43 44 45 46 48 49 50 51 52 56 57 58 59 60 61 62 64 65 66 67 68 70 71 72 74 75 77 78 79 80 82 83 84 85 86 87 88 89 90 92 93 94 96 98 99 }
out[55] = { 0 1 3 4 5 6 8 9 11 12 14 15 16 17 18 19 20 21 22 23 24 25 26 27 28 29 30 31 32 33 34 35 36 38 39 40 43 44 45 46 47 48 49 50 52 53 55 56 57 58 59 60 62 63 64 65 66 67 68 69 70 71 72 74 75 76 77 78 79 80 81 82 83 84 85 86 87 88 89 90 91 92 93 94 96 98 99 }

use[56] = { 0 2 3 4 5 8 11 14 15 20 22 23 25 27 29 30 31 38 40 42 43 44 45 46 50 55 56 59 60 62 68 71 79 80 83 86 87 89 91 96 97 }
def[56] = { 9 10 12 17 33 34 37 47 49 52 57 65 66 69 72 74 76 88 92 94 }

in[56] = { 0 2 3 4 5 8 11 14 15 20 22 23 25 27 29 30 31 38 40 42 43 44 45 46 50 55 56 59 60 62 68 71 79 80 83 86 87 89 91 96 97 }
out[56] = { }

use[57] = { 0 1 3 7 8 9 10 11 12 13 14 15 16 17 18 19 24 25 28 29 30 35 38 41 46 48 55 56 58 59 63 65 74 75 77 78 81 82 84 85 86 87 89 92 94 95 96 97 98 }
def[57] = { 6 22 27 32 34 37 42 45 57 60 64 66 72 79 80 91 }

in[57] = { 0 1 3 7 8 9 10 11 12 13 14 15 16 17 18 19 24 25 28 29 30 35 38 41 46 48 55 56 58 59 63 65 74 75 77 78 81 82 84 85 86 87 89 92 94 95 96 97 98 }
out[57] = { }

use[58] = { 0 1 3 4 5 6 7 8 9 10 11 12 14 19 22 23 24 26 27 28 29 34 37 41 43 45 46 49 50 54 55 59 60 61 66 67 68 71 72 73 79 80 81 83 84 86 87 90 96 97 }
def[58] = { 17 32 39 40 52 58 62 63 64 85 93 94 99 }

in[58] = { 0 1 3 4 5 6 7 8 9 10 11 12 14 19 22 23 24 26 27 28 29 34 37 41 43 45 46 49 50 54 55 59 60 61 66 67 68 71 72 73 79 80 81 83 84 86 87 90 96 97 }
out[58] = { }

use[59] = { 1 2 3 5 6 9 10 11 14 15 17 20 21 23 24 25 26 27 28 32 37 38 39 40 52 53 54 56 58 60 61 64 65 73 75 77 78 79 84 87 89 90 94 95 97 98 99 }
def[59] = { 0 7 8 13 16 30 34 41 45 59 62 70 71 76 82 83 88 91 92 }

in[59] = { 1 2 3 5 6 9 10 11 14 15 17 20 21 23 24 25 26 27 28 32 37 38 39 40 52 53 54 56 58 60 61 64 65 73 75 77 78 79 84 87 89 90 94 95 97 98 99 }
out[59] = { }

use[60] = { 1 2 5 9 10 11 13 15 17 20 21 23 25 26 31 32 33 34 35 37 39 40 43 45 46 47 48 49 50 51 54 55 58 63 64 65 68 71 75 80 81 87 88 93 94 95 96 }
def[60] = { 7 8 24 41 59 66 67 72 79 82 84 85 89 90 98 }

in[60] = { 1 2 5 9 10 11 13 15 17 20 21 23 25 26 31 32 33 34 35 37 39 40 43 45 46 47 48 49 50 51 54 55 58 63 64 65 68 71 75 80 81 87 88 93 94 95 96 }
out[60] = { }

use[61] = { 4 6 9 13 17 19 21 25 27 31 32 33 34 36 37 38 39 44 45 49 50 51 53 57 59 61 62 63 64 68 69 70 71 72 73 74 75 76 77 78 79 83 85 87 88 89 97 }
def[61] = { 0 1 7 8 10 11 16 28 30 41 42 47 54 56 66 84 92 93 96 }

in[61] = { 4 6 9 13 17 19 21 25 27 31 32 33 34 36 37 38 39 44 45 49 50 51 53 57 59 61 62 63 64 68 69 70 71 72 73 74 75 76 77 78 79 83 85 87 88 89 97 }
out[61] = { }

use[62] = { 1 2 7 8 10 11 15 16 18 22 23 24 25 26 27 28 29 31 32 37 39 40 43 44 46 47 49 51 52 54 55 56 57 59 62 63 65 66 68 69 70 76 81 83 88 91 93 98 }
def[62] = { 5 9 12 13 17 19 20 21 33 48 50 60 67 89 95 96 }

in[62] = { 0 1 2 3 4 7 8 10 11 14 15 16 18 22 23 24 25 26 27 28 29 31 32 34 35 36 37 39 40 43 44 46 47 49 51 52 53 54 55 56 57 58 59 61 62 63 64 65 66 68 69 70 71 72 76 78 80 81 83 85 88 91 93 94 98 }
out[62] = { 0 2 3 4 5 11 13 14 15 19 21 24 25 26 28 31 32 34 35 36 47 48 50 53 55 57 58 61 64 68 70 71 72 76 78 80 81 85 89 91 93 94 96 }

use[63] = { 3 4 5 6 7 10 11 12 14 15 16 18 19 20 22 23 24 27 29 30 34 43 45 48 51 54 55 56 57 58 61 67 71 72 73 76 77 78 81 82 85 87 89 91 93 94 98 }
def[63] = { 0 9 21 28 31 36 39 42 60 68 83 86 96 97 99 }

in[63] = { 3 4 5 6 7 10 11 12 14 15 16 18 19 20 22 23 24 27 29 30 34 43 45 48 51 54 55 56 57 58 61 67 71 72 73 76 77 78 81 82 85 87 89 91 93 94 98 }
out[63] = { }

use[64] = { 0 3 4 5 8 10 12 13 14 16 18 21 23 24 25 28 29 30 32 37 38 42 43 47 49 50 51 52 53 54 55 57 59 61 66 67 69 73 74 82 83 84 85 86 89 93 96 99 }
def[64] = { 1 2 6 11 15 19 36 39 44 45 46 77 81 91 }

in[64] = { 0 3 4 5 8 10 12 13 14 16 18 21 23 24 25 28 29 30 32 37 38 42 43 47 49 50 51 52 53 54 55 57 59 61 66 67 69 73 74 82 83 84 85 86 89 93 96 99 }
out[64] = { }

use[65] = { 1 5 7 9 10 13 17 19 22 23 26 27 31 32 34 36 40 41 46 48 49 52 55 57 60 63 64 65 66 67 72 73 75 77 79 83 84 87 88 91 94 95 96 97 99 }
def[65] = { 2 6 8 11 14 20 29 33 38 51 54 56 74 82 90 93 }

in[65] = { 0 1 3 4 5 7 9 10 13 15 17 19 22 23 25 26 27 30 31 32 34 36 40 41 42 43 44 45 46 48 49 50 52 55 57 59 60 62 63 64 65 66 67 68 71 72 73 75 77 79 80 83 84 86 87 88 89 91 94 95 96 97 99 }
out[65] = { 0 2 3 4 5 8 11 14 15 20 22 23 25 27 29 30 31 38 40 42 43 44 45 46 50 55 56 59 60 62 68 71 79 80 83 86 87 89 91 96 97 }

use[66] = { 0 2 3 4 5 11 13 14 15 19 21 24 25 26 28 31 32 34 35 36 47 48 50 53 55 57 58 61 64 68 70 71 72 76 78 80 81 85 89 91 93 94 96 }
def[66] = { 1 6 16 18 22 27 29 30 33 38 41 45 49 51 66 69 73 82 88 97 }

in[66] = { 0 2 3 4 5 11 13 14 15 19 21 24 25 26 28 31 32 34 35 36 47 48 50 53 55 57 58 61 64 68 70 71 72 76 78 80 81 85 89 91 93 94 96 }
out[66] = { }

use[67] = { 0 2 3 4 8 9 11 13 14 17 18 22 24 27 28 29 31 32 34 35 36 40 42 43 45 46 55 56 61 63 64 65 66 68 76 81 82 83 84 85 87 89 90 93 94 97 98 }
def[67] = { 5 6 19 21 23 30 39 48 62 78 80 88 92 }

in[67] = { 0 1 2 3 4 7 8 9 10 11 12 13 14 16 17 18 20 22 24 25 26 27 28 29 31 32 33 34 35 36 37 38 40 41 42 43 44 45 46 47 49 50 51 52 53 55 56 57 58 59 60 61 63 64 65 66 67 68 69 70 71 72 73 74 75 76 77 79 81 82 83 84 85 86 87 89 90 91 93 94 95 96 97 98 99 }
out[67] = { 0 1 2 3 4 6 7 8 9 10 12 13 16 17 18 19 20 21 22 24 25 26 27 29 30 31 32 33 34 35 36 37 38 39 40 41 42 43 44 45 46 47 48 49 50 51 52 53 56 57 58 59 60 61 62 63 64 65 66 67 68 69 70 71 72 73 74 75 76 77 78 79 80 81 83 85 86 87 88 89 91 92 93 95 96 97 98 99 }

use[68] = { 1 6 8 9 11 13 14 15 16 18 22 25 26 28 29 30 31 32 35 42 44 45 47 48 49 50 52 56 59 60 61 62 67 68 69 70 72 74 75 79 80 84 86 90 97 98 }
def[68] = { 0 5 7 19 23 34 36 46 51 58 66 71 81 88 89 93 }

in[68] = { 1 2 4 6 8 9 10 11 12 13 14 15 16 18 20 21 22 24 25 26 28 29 30 31 32 33 35 37 38 39 40 41 42 43 44 45 47 48 49 50 52 53 55 56 59 60 61 62 63 64 65 67 68 69 70 72 73 74 75 77 78 79 80 82 83 84 85 86 87 90 92 94 95 96 97 98 99 }
out[68] = { 2 4 7 8 10 11 12 14 15 16 18 19 20 21 22 23 24 25 26 28 29 30 31 33 34 35 36 37 38 39 40 41 43 45 46 47 49 50 51 52 53 55 56 58 59 61 63 64 65 66 67 68 70 71 72 73 74 75 77 78 79 80 81 82 83 85 86 87 88 89 92 94 95 96 97 98 99 }

use[69] = { 1 2 6 7 8 10 11 14 17 22 24 28 30 35 38 39 40 42 43 45 46 48 51 53 59 60 63 64 65 66 67 68 69 71 75 78 79 81 83 84 85 87 90 92 96 97 99 }
def[69] = { 3 4 21 23 31 44 52 55 57 62 70 73 76 82 91 }

in[69] = { 0 1 2 5 6 7 8 9 10 11 12 13 14 15 16 17 18 19 20 22 24 25 26 27 28 29 30 32 33 34 35 36 37 38 39 40 41 42 43 45 46 47 48 49 50 51 53 56 58 59 60 61 63 64 65 66 67 68 69 71 72 74 75 77 78 79 80 81 83 84 85 86 87 88 89 90 92 93 94 96 97 98 99 }
out[69] = { 0 1 3 4 5 6 7 8 9 10 11 12 13 14 15 16 17 18 19 20 21 22 23 24 25 26 27 28 29 30 31 32 33 34 35 36 37 38 39 40 41 42 43 44 45 46 47 48 49 50 51 52 53 55 56 57 58 59 60 61 62 63 64 65 66 67 68 69 70 71 72 73 74 75 76 77 78 79 80 81 82 83 84 85 86 87 88 89 90 91 92 93 94 96 97 98 99 }

use[70] = { 2 5 8 10 12 13 17 19 22 23 26 27 28 29 30 32 33 34 36 37 39 40 43 48 51 53 56 58 59 64 66 69 71 74 75 78 80 81 85 86 87 89 90 91 92 93 96 97 }
def[70] = { 0 3 18 31 35 41 46 49 63 65 68 84 88 94 95 }

in[70] = { 1 2 4 5 6 7 8 9 10 11 12 13 14 15 16 17 19 20 21 22 23 24 25 26 27 28 29 30 32 33 34 36 37 38 39 40 42 43 45 47 48 50 51 52 53 54 55 56 57 58 59 60 61 62 64 66 67 69 70 71 72 73 74 75 77 78 79 80 81 82 83 85 86 87 89 90 91 92 93 96 97 98 99 }
out[70] = { 0 1 2 3 4 5 6 7 8 9 10 11 12 13 14 15 16 17 18 19 20 21 22 23 24 25 27 28 29 30 31 32 33 34 35 36 37 38 39 40 41 42 43 45 46 47 48 49 50 51 52 54 55 56 57 58 59 60 61 62 63 64 65 66 67 68 69 70 71 72 73 74 75 77 79 80 81 82 83 84 85 86 87 88 89 90 91 92 93 94 95 96 97 98 99 }

use[71] = { 0 2 4 5 9 13 14 15 16 17 18 21 22 25 26 27 29 32 33 34 39 44 47 48 49 50 52 54 55 56 57 60 64 66 67 69 72 73 76 77 78 80 83 85 89 92 95 }
def[71] = { 7 20 31 36 40 45 53 62 70 75 82 84 86 90 94 97 99 }

in[71] = { 0 1 2 3 4 5 9 11 13 14 15 16 17 18 21 22 23 25 26 27 28 29 30 32 33 34 38 39 43 44 46 47 48 49 50 51 52 54 55 56 57 59 60 61 63 64 65 66 67 68 69 71 72 73 76 77 78 79 80 83 85 89 92 95 98 }
out[71] = { 1 3 11 13 14 16 17 18 23 27 28 29 30 31 32 34 36 38 39 40 43 44 45 46 49 51 54 56 57 59 61 63 64 65 68 69 70 71 72 73 75 77 79 82 84 86 94 97 98 99 }

use[72] = { 2 3 4 7 9 12 13 14 15 16 18 21 22 24 25 26 28 30 32 33 34 37 38 39 42 43 44 46 50 51 53 57 59 62 63 64 65 68 70 73 74 75 78 80 82 84 85 86 87 88 90 91 }
def[72] = { 0 5 6 8 11 17 35 40 41 49 54 55 67 72 89 94 99 }

in[72] = { 1 2 3 4 7 9 10 12 13 14 15 16 18 19 20 21 22 23 24 25 26 27 28 29 30 31 32 33 34 37 38 39 42 43 44 45 46 47 48 50 51 52 53 56 57 58 59 60 61 62 63 64 65 66 68 69 70 71 73 74 75 76 77 78 79 80 81 82 83 84 85 86 87 88 90 91 92 93 95 97 98 }
out[72] = { 0 1 2 3 4 5 6 7 8 9 10 11 12 13 14 15 16 17 18 19 20 21 22 23 24 25 26 27 28 29 30 31 32 33 34 35 37 38 39 40 41 42 43 44 45 46 47 48 49 50 51 52 53 54 55 56 57 58 59 60 61 62 63 64 65 66 67 68 69 70 71 72 73 74 75 76 77 78 79 80 81 82 83 85 86 87 88 89 90 91 92 93 94 95 97 98 99 }

use[73] = { 1 4 5 8 9 10 14 18 20 22 26 27 28 29 32 33 34 35 38 44 45 47 49 51 52 53 57 59 60 61 63 64 67 71 72 75 76 78 79 81 82 83 88 90 92 93 94 98 99 }
def[73] = { 0 2 6 21 36 37 39 50 65 68 73 77 80 84 85 }

in[73] = { 1 4 5 8 9 10 14 18 20 22 26 27 28 29 32 33 34 35 38 44 45 47 49 51 52 53 57 59 60 61 63 64 67 71 72 75 76 78 79 81 82 83 88 90 92 93 94 98 99 }
out[73] = { }

use[74] = { 1 6 8 9 12 17 18 19 23 24 29 30 31 32 33 34 35 38 39 40 47 50 56 58 59 60 66 67 68 72 75 77 78 80 81 82 85 86 87 88 90 94 99 }
def[74] = { 3 4 5 11 16 21 25 45 46 53 54 57 63 69 73 74 79 91 97 }

in[74] = { 1 6 8 9 12 17 18 19 23 24 29 30 31 32 33 34 35 38 39 40 47 50 56 58 59 60 66 67 68 72 75 77 78 80 81 82 85 86 87 88 90 94 99 }
out[74] = { }

use[75] = { 0 1 3 4 8 11 12 22 23 25 27 28 30 31 32 35 38 39 40 43 44 52 63 65 66 67 68 69 71 72 73 74 75 78 79 80 81 82 83 85 86 87 88 92 93 95 98 }
def[75] = { 2 13 14 17 19 24 33 34 37 41 45 51 54 56 57 77 89 }

in[75] = { 0 1 3 4 8 11 12 22 23 25 27 28 30 31 32 35 38 39 40 43 44 52 63 65 66 67 68 69 71 72 73 74 75 78 79 80 81 82 83 85 86 87 88 92 93 95 98 }
out[75] = { }

use[76] = { 0 1 6 8 14 16 17 18 20 23 24 25 27 28 29 31 32 34 37 40 43 44 45 48 51 52 53 59 60 66 67 68 69 70 71 73 77 81 85 87 89 90 91 93 96 97 99 }
def[76] = { 4 19 21 38 41 46 55 61 62 64 72 74 78 79 80 84 88 94 }

in[76] = { 0 1 6 8 14 16 17 18 20 23 24 25 27 28 29 31 32 34 37 40 43 44 45 48 51 52 53 59 60 66 67 68 69 70 71 73 77 81 85 87 89 90 91 93 96 97 99 }
out[76] = { }

use[77] = { 0 2 4 5 7 8 11 14 15 16 17 19 20 21 24 25 27 28 29 30 35 37 39 42 43 45 47 49 50 51 52 54 57 58 61 62 64 67 69 70 71 73 79 81 82 83 85 88 89 92 96 98 }
def[77] = { 10 18 22 26 38 44 48 53 63 74 76 77 78 80 86 90 }

in[77] = { 0 1 2 3 4 5 7 8 9 11 13 14 15 16 17 19 20 21 23 24 25 27 28 29 30 31 32 33 34 35 36 37 39 40 41 42 43 45 46 47 49 50 51 52 54 55 56 57 58 59 60 61 62 64 65 66 67 68 69 70 71 72 73 75 79 81 82 83 84 85 87 88 89 91 92 93 94 95 96 97 98 99 }
out[77] = { 0 1 2 3 4 5 7 8 9 10 11 13 14 15 16 17 18 19 20 21 22 23 24 25 26 27 28 29 30 31 32 33 34 35 36 37 38 39 40 41 42 43 44 45 46 47 48 49 50 52 53 55 56 57 58 59 60 61 62 63 64 65 66 67 68 69 70 71 72 73 74 75 76 77 78 79 81 82 83 84 85 86 87 88 89 90 91 92 93 94 95 96 97 98 99 }

use[78] = { 2 5 6 10 13 16 17 19 21 26 29 31 35 36 37 38 39 40 41 42 44 45 46 47 48 53 55 56 61 62 64 66 67 68 69 70 74 78 81 83 84 86 88 89 93 97 }
def[78] = { 1 7 8 11 15 25 32 52 58 59 60 76 77 79 80 91 94 95 }

in[78] = { 0 2 3 4 5 6 10 13 14 16 17 19 20 21 22 23 26 27 29 30 31 35 36 37 38 39 40 41 42 43 44 45 46 47 48 50 53 55 56 61 62 64 66 67 68 69 70 71 74 78 81 83 84 86 87 88 89 93 96 97 }
out[78] = { 0 2 3 4 5 8 11 14 15 20 22 23 25 27 29 30 31 38 40 42 43 44 45 46 50 55 56 59 60 62 68 71 79 80 83 86 87 89 91 96 97 }

use[79] = { 0 3 7 8 10 15 21 24 26 27 28 30 31 33 34 37 41 45 48 49 51 53 55 56 59 60 61 65 66 67 68 69 70 71 72 74 75 76 77 78 79 80 81 82 86 87 88 95 98 }
def[79] = { 9 14 20 32 36 40 43 52 62 83 85 89 93 94 96 }

in[79] = { 0 3 7 8 10 15 21 24 26 27 28 30 31 33 34 37 41 45 48 49 51 53 55 56 59 60 61 65 66 67 68 69 70 71 72 74 75 76 77 78 79 80 81 82 86 87 88 95 98 }
out[79] = { }

use[80] = { 4 7 10 11 14 16 17 18 20 21 22 33 34 36 38 39 42 43 44 45 46 47 51 56 57 58 59 60 63 66 71 72 73 75 76 77 80 81 82 83 85 86 88 91 92 96 97 98 }
def[80] = { 12 23 25 27 48 50 53 64 74 79 87 89 90 93 99 }

in[80] = { 1 2 4 5 6 7 8 9 10 11 13 14 15 16 17 18 19 20 21 22 24 26 28 29 30 32 33 34 36 37 38 39 40 42 43 44 45 46 47 51 52 54 55 56 57 58 59 60 61 62 63 66 67 69 70 71 72 73 75 76 77 78 80 81 82 83 85 86 88 91 92 96 97 98 }
out[80] = { 1 2 4 5 6 7 8 9 10 11 12 13 14 15 16 17 19 20 21 22 23 24 25 26 27 28 29 30 32 33 34 36 37 38 39 40 42 43 45 47 48 50 51 52 53 54 55 56 57 58 59 60 61 62 64 66 67 69 70 71 72 73 74 75 77 78 79 80 81 82 83 85 86 87 89 90 91 92 93 96 97 98 99 }

use[81] = { 0 1 4 8 9 10 11 12 13 14 15 18 19 20 21 22 23 24 26 27 28 32 34 36 39 41 46 47 48 51 52 55 56 62 64 66 68 70 71 72 73 76 78 80 82 85 86 87 90 92 96 97 }
def[81] = { 2 5 25 30 35 45 49 54 60 61 65 69 74 88 95 98 }

in[81] = { 0 1 3 4 7 8 9 10 11 12 13 14 15 16 17 18 19 20 21 22 23 24 26 27 28 29 31 32 34 36 37 38 39 40 41 42 43 44 46 47 48 50 51 52 53 55 56 57 59 62 64 66 67 68 70 71 72 73 75 76 77 78 79 80 81 82 83 84 85 86 87 89 90 91 92 93 94 96 97 99 }
out[81] = { 0 1 2 3 4 5 7 8 9 10 11 12 13 14 15 16 17 19 21 22 23 24 25 26 27 28 29 30 31 32 34 35 36 37 38 39 40 41 42 43 44 45 46 47 48 49 50 51 52 53 54 55 57 59 60 61 62 64 65 66 67 68 69 70 71 72 73 74 75 76 77 78 79 81 82 83 84 85 86 87 88 89 90 91 92 93 94 95 96 97 98 99 }

use[82] = { 1 3 4 6 8 9 10 17 18 19 22 23 24 26 27 28 31 33 34 36 37 41 43 45 50 52 54 55 56 57 58 64 65 67 69 70 71 75 77 79 80 81 82 86 87 93 94 95 }
def[82] = { 5 12 14 20 35 38 40 42 46 53 59 61 63 66 72 89 92 97 99 }

in[82] = { 0 1 2 3 4 6 8 9 10 11 13 15 16 17 18 19 21 22 23 24 25 26 27 28 29 30 31 32 33 34 36 37 39 41 43 44 45 47 48 49 50 51 52 54 55 56 57 58 60 62 64 65 67 68 69 70 71 73 74 75 76 77 78 79 80 81 82 83 84 85 86 87 88 90 91 93 94 95 96 98 }
out[82] = { 0 1 2 3 4 5 6 8 9 10 11 12 13 14 15 16 17 18 19 20 21 22 23 25 26 27 28 29 30 31 32 33 34 35 36 37 38 39 40 41 42 43 44 45 46 47 48 49 50 51 52 53 54 55 56 57 59 60 61 62 63 64 65 66 67 68 69 70 71 72 73 74 76 77 78 79 80 81 82 83 84 85 86 87 88 89 90 91 92 93 94 95 96 97 98 99 }

use[83] = { 1 3 11 13 14 16 17 18 23 27 28 29 30 31 32 34 36 38 39 40 43 44 45 46 49 51 54 56 57 59 61 63 64 65 68 69 70 71 72 73 75 77 79 82 84 86 94 97 98 99 }
def[83] = { 6 8 20 21 26 33 48 50 52 53 60 62 74 78 87 93 }

in[83] = { 1 3 11 13 14 16 17 18 23 27 28 29 30 31 32 34 36 38 39 40 43 44 45 46 49 51 54 56 57 59 61 63 64 65 68 69 70 71 72 73 75 77 79 82 84 86 94 97 98 99 }
out[83] = { }

use[84] = { 1 2 5 7 8 9 11 13 17 21 22 24 25 28 31 32 34 36 37 39 40 41 42 44 46 47 48 51 52 56 57 61 62 68 69 70 73 75 77 82 83 87 92 93 95 96 97 98 99 }
def[84] = { 4 6 10 18 23 33 35 43 50 53 60 74 79 86 89 90 94 }

in[84] = { 1 2 5 7 8 9 11 13 17 21 22 24 25 28 31 32 34 36 37 39 40 41 42 44 46 47 48 51 52 56 57 61 62 68 69 70 73 75 77 82 83 87 92 93 95 96 97 98 99 }
out[84] = { }

use[85] = { 1 2 4 7 8 10 11 14 15 16 17 19 20 22 24 25 26 29 30 31 33 35 37 40 41 44 45 46 47 48 49 52 56 61 65 66 67 71 72 74 75 76 77 78 79 80 85 88 91 93 95 96 98 99 }
def[85] = { 6 21 32 38 58 68 70 82 86 89 92 94 }

in[85] = { 1 2 4 7 8 10 11 14 15 16 17 19 20 22 24 25 26 29 30 31 33 35 37 40 41 44 45 46 47 48 49 52 56 61 65 66 67 71 72 74 75 76 77 78 79 80 85 88 91 93 95 96 98 99 }
out[85] = { }

use[86] = { 0 1 2 6 12 13 15 16 17 18 22 23 28 29 30 31 35 41 42 45 46 48 50 51 52 55 56 59 60 61 62 63 64 68 72 73 74 75 80 81 82 84 85 87 88 90 95 96 }
def[86] = { 3 4 5 11 19 20 25 27 34 40 49 65 76 78 94 99 }

in[86] = { 0 1 2 6 7 8 9 10 12 13 14 15 16 17 18 22 23 24 28 29 30 31 35 38 41 42 45 46 48 50 51 52 55 56 58 59 60 61 62 63 64 68 72 73 74 75 77 80 81 82 84 85 86 87 88 89 90 92 95 96 97 98 }
out[86] = { 0 1 3 7 8 9 10 11 12 13 14 15 16 17 18 19 24 25 28 29 30 35 38 41 46 48 55 56 58 59 63 65 74 75 77 78 81 82 84 85 86 87 89 92 94 95 96 97 98 }

use[87] = { 1 3 6 7 10 11 12 15 19 22 26 27 29 31 34 36 40 45 46 47 48 51 52 54 59 62 65 67 69 73 74 75 76 81 82 83 85 91 94 95 96 }
def[87] = { 20 21 23 33 41 49 50 57 60 61 64 66 68 72 79 89 92 93 97 }

in[87] = { 1 3 6 7 10 11 12 15 19 22 26 27 29 31 34 36 40 45 46 47 48 51 52 54 59 62 65 67 69 73 74 75 76 81 82 83 85 91 94 95 96 }
out[87] = { }

use[88] = { 0 5 6 7 8 9 10 13 14 15 16 23 24 27 30 31 32 33 35 36 37 42 45 49 51 54 56 58 59 60 63 64 65 66 68 70 73 75 76 81 90 92 93 97 98 99 }
def[88] = { 1 3 17 19 20 41 44 48 52 57 67 78 79 82 85 87 }

in[88] = { 0 2 4 5 6 7 8 9 10 11 12 13 14 15 16 18 21 22 23 24 25 26 27 28 29 30 31 32 33 34 35 36 37 38 39 40 42 43 45 46 47 49 50 51 53 54 55 56 58 59 60 61 62 63 64 65 66 68 69 70 71 72 73 74 75 76 77 81 83 84 86 88 89 90 91 92 93 94 95 96 97 98 99 }
out[88] = { 0 1 2 3 4 5 7 9 10 11 12 13 15 16 17 18 19 20 21 22 23 25 26 27 28 29 30 31 32 33 34 35 36 37 38 39 40 41 42 43 44 45 46 47 48 49 50 51 52 53 54 55 56 57 58 59 60 61 62 63 64 65 66 67 68 69 70 71 72 73 74 75 76 77 78 79 81 82 83 84 85 86 87 88 89 90 91 92 93 94 95 96 97 98 99 }

use[89] = { 0 3 6 8 10 16 17 18 19 20 26 27 29 30 31 34 35 39 42 44 46 47 48 49 52 53 54 55 58 60 62 63 64 65 66 69 71 73 77 84 85 87 90 94 97 }
def[89] = { 7 9 15 24 33 40 43 45 50 59 67 72 79 89 93 98 }

in[89] = { 0 3 6 8 10 16 17 18 19 20 26 27 29 30 31 34 35 39 42 44 46 47 48 49 52 53 54 55 58 60 62 63 64 65 66 69 71 73 77 84 85 87 90 94 97 }
out[89] = { }

use[90] = { 0 1 3 4 9 10 11 12 13 15 16 17 18 19 22 29 31 33 35 36 39 44 47 48 49 50 51 53 54 55 57 58 59 60 61 63 65 67 68 71 74 78 79 84 85 86 87 88 91 93 }
def[90] = { 8 14 23 24 43 45 46 52 64 66 70 75 76 82 90 94 95 99 }

in[90] = { 0 1 2 3 4 5 7 9 10 11 12 13 15 16 17 18 19 21 22 25 28 29 31 32 33 34 35 36 37 39 40 41 42 44 47 48 49 50 51 53 54 55 56 57 58 59 60 61 62 63 65 67 68 69 71 73 74 77 78 79 83 84 85 86 87 88 91 92 93 96 97 98 }
out[90] = { 1 2 5 7 8 9 11 13 17 21 22 24 25 28 31 32 34 36 37 39 40 41 42 44 46 47 48 51 52 56 57 61 62 68 69 70 73 75 77 82 83 87 92 93 95 96 97 98 99 }

use[91] = { 1 3 4 7 8 12 13 14 15 17 24 26 28 30 33 34 37 39 42 43 45 46 49 53 54 55 58 59 60 64 67 74 75 76 78 80 83 84 86 87 88 90 91 92 93 94 97 99 }
def[91] = { 2 5 20 21 25 27 38 40 41 52 62 63 70 73 79 81 89 95 98 }

in[91] = { 0 1 3 4 6 7 8 10 12 13 14 15 16 17 18 19 23 24 26 28 29 30 31 32 33 34 35 37 39 42 43 44 45 46 47 48 49 51 53 54 55 58 59 60 64 65 66 67 68 69 71 74 75 76 77 78 80 83 84 85 86 87 88 90 91 92 93 94 96 97 99 }
out[91] = { 0 1 3 6 8 10 14 16 17 18 19 20 23 24 25 26 27 28 29 30 31 32 34 35 37 39 40 42 43 44 45 46 47 48 49 51 52 53 54 55 58 59 60 62 63 64 65 66 67 68 69 70 71 73 77 81 84 85 87 89 90 91 93 94 96 97 99 }

use[92] = { 0 4 6 7 14 17 18 19 20 23 25 26 28 29 30 32 34 35 36 39 41 43 44 45 49 59 61 62 63 64 67 68 71 72 78 79 83 86 87 89 90 92 94 95 97 98 }
def[92] = { 5 9 15 16 48 50 51 52 53 54 73 76 81 82 93 }

in[92] = { 0 4 6 7 14 17 18 19 20 23 25 26 28 29 30 32 34 35 36 39 41 43 44 45 49 59 61 62 63 64 67 68 71 72 78 79 83 86 87 89 90 92 94 95 97 98 }
out[92] = { }

use[93] = { 1 3 4 8 9 10 13 15 16 17 20 21 24 25 26 28 32 33 37 46 47 48 53 56 59 63 64 67 68 69 70 72 73 76 78 80 84 91 94 96 97 }
def[93] = { 12 18 36 38 43 44 45 51 57 62 74 81 83 85 92 98 }

in[93] = { 1 3 4 8 9 10 13 15 16 17 20 21 24 25 26 28 32 33 37 46 47 48 53 56 59 63 64 67 68 69 70 72 73 76 78 80 84 91 94 96 97 }
out[93] = { }

use[94] = { 1 5 6 7 9 15 16 17 19 20 22 24 25 26 29 30 31 32 36 38 40 42 44 48 49 50 51 53 54 55 56 59 60 61 62 70 72 75 77 79 80 81 84 85 86 87 88 90 93 94 95 96 99 }
def[94] = { 18 28 33 46 52 57 63 66 68 71 74 76 82 83 89 91 97 }

in[94] = { 0 1 2 3 4 5 6 7 9 10 11 15 16 17 19 20 21 22 23 24 25 26 27 29 30 31 32 34 35 36 38 39 40 41 42 43 44 45 47 48 49 50 51 53 54 55 56 59 60 61 62 64 65 69 70 72 73 75 77 79 80 81 84 85 86 87 88 90 92 93 94 95 96 98 99 }
out[94] = { 0 1 2 3 4 5 7 9 10 11 15 17 20 21 22 23 24 25 26 27 29 30 31 33 34 35 36 38 39 40 41 43 44 45 46 47 49 50 51 52 54 56 59 61 62 63 64 65 68 69 70 71 72 73 75 76 77 79 80 84 85 86 87 88 89 90 91 92 93 94 95 96 98 99 }

use[95] = { 1 3 4 5 8 9 10 12 15 19 22 25 27 29 30 31 32 34 36 37 42 48 49 50 54 57 59 60 61 62 64 65 66 67 69 74 75 76 79 83 85 86 90 92 93 94 98 }
def[95] = { 6 11 18 20 33 51 53 56 58 63 73 77 81 95 96 99 }

in[95] = { 0 1 2 3 4 5 7 8 9 10 12 13 14 15 16 17 19 21 22 23 24 25 26 27 28 29 30 31 32 34 35 36 37 38 39 40 41 42 43 44 45 46 47 48 49 50 52 54 55 57 59 60 61 62 64 65 66 67 68 69 70 72 74 75 76 78 79 82 83 84 85 86 87 88 89 90 91 92 93 94 97 98 }
out[95] = { 0 1 2 3 4 5 7 8 9 10 11 12 13 14 16 17 18 19 20 21 22 23 24 25 26 27 28 29 30 31 32 33 34 35 36 37 38 39 40 41 42 43 44 45 46 47 48 49 50 51 52 53 54 55 56 57 58 59 60 61 62 64 65 66 67 68 69 70 72 73 74 75 76 77 78 79 81 82 83 84 85 86 87 88 89 90 91 92 93 94 95 96 97 98 99 }

use[96] = { 0 1 3 10 11 16 18 21 22 27 28 29 30 33 38 39 41 42 43 44 45 46 47 48 49 50 55 59 60 61 64 65 66 67 69 70 73 74 76 77 81 85 87 88 89 91 92 93 }
def[96] = { 6 8 9 12 15 24 51 54 56 62 63 68 80 86 97 }

in[96] = { 0 1 2 3 4 5 7 10 11 13 16 17 18 19 20 21 22 23 25 26 27 28 29 30 31 32 33 34 35 36 37 38 39 40 41 42 43 44 45 46 47 48 49 50 52 53 55 57 59 60 61 64 65 66 67 69 70 72 73 74 75 76 77 79 81 82 83 84 85 87 88 89 90 91 92 93 94 95 96 98 99 }
out[96] = { 0 1 2 3 4 5 6 7 8 9 10 11 13 15 16 17 19 20 21 22 23 24 25 26 27 28 29 30 31 32 34 35 36 37 38 39 40 41 42 43 44 45 46 47 48 49 50 51 52 53 54 55 56 57 59 60 61 62 64 65 68 69 70 72 73 75 77 79 80 81 82 83 84 85 86 87 88 90 92 93 94 95 96 97 98 99 }

use[97] = { 2 3 5 6 7 11 16 18 23 25 28 29 30 33 36 37 38 39 41 44 47 48 49 51 52 54 56 57 60 61 63 64 65 68 69 75 76 77 79 81 83 84 85 89 91 97 98 }
def[97] = { 4 8 17 19 24 27 58 59 67 72 78 88 92 93 }

in[97] = { 0 1 2 3 5 6 7 9 10 11 12 13 14 15 16 18 20 21 22 23 25 26 28 29 30 31 32 33 34 35 36 37 38 39 40 41 42 43 44 45 46 47 48 49 50 51 52 53 54 55 56 57 60 61 63 64 65 66 68 69 70 71 73 74 75 76 77 79 80 81 82 83 84 85 86 87 89 90 91 94 95 96 97 98 99 }
out[97] = { 0 1 2 3 4 5 6 7 8 9 10 11 12 13 14 15 16 17 18 19 20 21 22 23 24 25 26 27 28 29 30 31 32 33 34 35 36 37 38 39 40 41 42 43 44 45 46 47 48 49 50 51 52 53 54 55 56 57 58 59 60 61 63 64 65 66 67 68 69 70 71 72 73 74 75 76 77 78 79 80 81 82 83 84 85 86 87 88 89 90 91 92 93 94 95 96 97 98 99 }

use[98] = { 0 3 4 8 10 18 19 20 22 23 25 32 35 36 40 45 46 47 48 50 51 53 54 56 59 61 64 69 70 71 72 73 74 77 82 83 85 86 87 88 89 90 92 94 95 96 }
def[98] = { 2 6 7 33 39 42 60 62 63 66 75 79 80 84 93 98 }

in[98] = { 0 1 3 4 5 8 9 10 11 12 14 15 16 17 18 19 20 21 22 23 24 25 27 28 29 30 31 32 34 35 36 38 40 41 43 44 45 46 47 48 49 50 51 52 53 54 55 56 57 58 59 61 64 67 68 69 70 71 72 73 74 76 77 78 81 82 83 85 86 87 88 89 90 91 92 94 95 96 97 }
out[98] = { 1 2 3 4 5 6 8 9 10 11 12 14 15 16 17 19 20 21 22 23 24 25 27 28 29 30 31 32 33 34 36 38 40 41 42 43 44 45 47 48 49 51 52 53 54 55 57 58 59 60 61 62 66 67 68 69 70 71 72 73 74 76 77 78 80 81 82 83 84 85 86 87 88 89 90 91 92 93 94 96 97 98 }

use[99] = { 0 1 3 7 8 12 15 17 18 19 23 33 34 36 37 38 39 43 44 45 47 52 54 55 56 57 58 59 62 63 65 71 72 73 76 77 78 81 82 83 84 85 86 88 91 93 96 97 98 }
def[99] = { 2 10 11 13 16 27 35 46 48 51 53 60 61 68 92 }

in[99] = { 0 1 3 4 7 8 9 12 15 17 18 19 20 21 23 24 25 26 28 32 33 34 36 37 38 39 43 44 45 47 52 54 55 56 57 58 59 62 63 64 65 67 69 70 71 72 73 76 77 78 80 81 82 83 84 85 86 88 91 93 94 96 97 98 }
out[99] = { 1 3 4 8 9 10 13 15 16 17 20 21 24 25 26 28 32 33 37 46 47 48 53 56 59 63 64 67 68 69 70 72 73 76 78 80 84 91 94 96 97 }

